# Poisson Arrival Times Generated
# Generated on: 2025-09-28 05:59:07
# Arrival time: 0_0625 seconds (avg inter-arrival time)
# QPS: 16.0000 queries per second
# Number of queries: 4322
# Random seed: 42
# Format: One delay value per line (seconds)
#
0.029329
0.188133
0.082297
0.057059
0.010602
0.010600
0.003740
0.125702
0.057443
0.076953
0.001300
0.218972
0.111652
0.014918
0.012542
0.012663
0.022672
0.046495
0.035346
0.021514
0.059148
0.009390
0.021595
0.028517
0.038058
0.096121
0.013921
0.045127
0.056094
0.002973
0.058458
0.011685
0.004204
0.185855
0.210664
0.103271
0.022705
0.006424
0.072047
0.036256
0.008135
0.042722
0.002187
0.150026
0.018716
0.067891
0.023347
0.045882
0.049451
0.012774
0.218300
0.093265
0.175318
0.140759
0.056941
0.159340
0.005791
0.013633
0.002893
0.024596
0.030758
0.019785
0.110285
0.027577
0.020613
0.048900
0.009494
0.101280
0.004842
0.270884
0.092468
0.013846
0.000346
0.105619
0.076693
0.081604
0.092201
0.004808
0.027743
0.007697
0.124283
0.061019
0.025114
0.004104
0.023281
0.024582
0.081742
0.063431
0.136391
0.039942
0.007961
0.078070
0.089400
0.051493
0.092118
0.042551
0.046230
0.034863
0.001609
0.007135
0.001996
0.063233
0.023587
0.044402
0.148829
0.017921
0.033018
0.088047
0.016238
0.005007
0.021384
0.010988
0.165934
0.103180
0.062718
0.128220
0.101748
0.012906
0.139426
0.048444
0.102959
0.141515
0.023921
0.007287
0.016168
0.034816
0.106489
0.123209
0.000436
0.044680
0.033767
0.015698
0.007980
0.025744
0.178945
0.024399
0.045716
0.075880
0.028248
0.222987
0.205126
0.018129
0.042979
0.022371
0.020953
0.002349
0.058781
0.043657
0.003303
0.020414
0.149304
0.017116
0.009783
0.042017
0.265252
0.017322
0.069697
0.089618
0.016958
0.081422
0.028658
0.062531
0.062740
0.047962
0.005914
0.112728
0.024176
0.012902
0.002602
0.055861
0.070741
0.001045
0.044852
0.016052
0.064758
0.011975
0.073388
0.030560
0.172521
0.009247
0.026071
0.007528
0.161637
0.131146
0.018645
0.067423
0.106218
0.050633
0.047142
0.017305
0.006108
0.142195
0.144173
0.062667
0.025878
0.026848
0.080904
0.142131
0.136321
0.094598
0.064207
0.005493
0.011018
0.143014
0.058281
0.000577
0.006687
0.068073
0.000317
0.010957
0.049731
0.073582
0.065965
0.015872
0.077839
0.016926
0.024602
0.085772
0.065548
0.118247
0.066988
0.052503
0.006147
0.028651
0.019260
0.017481
0.225769
0.031212
0.139128
0.062333
0.098989
0.043652
0.053760
0.042393
0.013576
0.080110
0.020599
0.001539
0.064811
0.012183
0.176318
0.192348
0.153969
0.028893
0.000974
0.164720
0.034934
0.212553
0.207108
0.119837
0.021799
0.030393
0.119045
0.023822
0.011607
0.050859
0.171956
0.074427
0.052757
0.006389
0.059658
0.288161
0.009433
0.045656
0.131163
0.084377
0.074630
0.075768
0.027843
0.021723
0.103586
0.103833
0.126122
0.152788
0.044756
0.043512
0.100059
0.065607
0.075659
0.099289
0.137958
0.025780
0.029434
0.006169
0.053963
0.002288
0.039163
0.048893
0.021102
0.055852
0.001936
0.002379
0.108084
0.027912
0.008493
0.046166
0.091853
0.015195
0.060951
0.005576
0.003317
0.047369
0.048619
0.063409
0.080935
0.232722
0.045393
0.024376
0.099103
0.019741
0.036124
0.005107
0.001605
0.205461
0.112985
0.074415
0.032866
0.011894
0.010633
0.018000
0.049799
0.078366
0.067462
0.020526
0.193631
0.083689
0.050514
0.059127
0.034002
0.017791
0.027501
0.088636
0.000906
0.007711
0.002943
0.002599
0.120888
0.076015
0.040174
0.006435
0.042282
0.040091
0.011887
0.035556
0.031771
0.059795
0.063007
0.002898
0.029337
0.061445
0.043715
0.121334
0.067186
0.011116
0.004574
0.064275
0.001679
0.055084
0.176078
0.053549
0.030706
0.064427
0.038310
0.049301
0.177383
0.030495
0.203068
0.147349
0.013619
0.004493
0.006639
0.001149
0.006200
0.071805
0.004616
0.024010
0.116470
0.001472
0.105283
0.020693
0.007859
0.074572
0.061962
0.131213
0.083018
0.101687
0.020708
0.012208
0.086797
0.102763
0.291063
0.033255
0.029078
0.093622
0.026046
0.166884
0.122177
0.035022
0.086862
0.087790
0.006802
0.145528
0.043982
0.109458
0.024108
0.141174
0.030812
0.000681
0.147369
0.005983
0.024041
0.187311
0.187997
0.053250
0.062452
0.037188
0.021689
0.024905
0.069770
0.087240
0.098012
0.097427
0.005977
0.042628
0.003705
0.049841
0.036410
0.136664
0.027012
0.007782
0.009644
0.089589
0.060182
0.006663
0.005491
0.075451
0.004722
0.107824
0.076562
0.005303
0.005541
0.269716
0.029302
0.028941
0.104723
0.183885
0.266798
0.087494
0.029501
0.005450
0.093828
0.051085
0.034502
0.148015
0.007368
0.042407
0.000714
0.039522
0.003622
0.007906
0.007814
0.065473
0.085662
0.054722
0.204670
0.029362
0.021029
0.126844
0.015818
0.206429
0.000764
0.218908
0.002757
0.138608
0.046884
0.309802
0.004791
0.050444
0.217723
0.046278
0.062039
0.074369
0.037883
0.061730
0.054864
0.144640
0.002907
0.020615
0.187750
0.138105
0.038011
0.060496
0.020305
0.013025
0.038941
0.027247
0.054765
0.005058
0.229060
0.267742
0.074866
0.048005
0.023149
0.105057
0.072146
0.011092
0.151144
0.108062
0.186984
0.080850
0.059400
0.033856
0.168689
0.125650
0.002892
0.001670
0.029522
0.103978
0.272767
0.010188
0.056358
0.029967
0.218982
0.115370
0.113887
0.039526
0.033490
0.019962
0.003627
0.125027
0.104757
0.510778
0.355930
0.050666
0.091580
0.181011
0.118423
0.017760
0.037427
0.008644
0.192514
0.058240
0.016225
0.069614
0.060167
0.027714
0.007534
0.069590
0.045913
0.092488
0.045894
0.119486
0.050172
0.051445
0.130797
0.032290
0.008993
0.001825
0.087941
0.060525
0.076104
0.014968
0.009163
0.000916
0.026980
0.055712
0.031124
0.035957
0.146566
0.026756
0.045095
0.095679
0.031568
0.060818
0.123946
0.186637
0.009943
0.163229
0.042344
0.018671
0.038412
0.244603
0.042406
0.024914
0.062718
0.017164
0.004931
0.008623
0.008564
0.010297
0.009341
0.064005
0.012547
0.026509
0.141936
0.040149
0.068831
0.011821
0.013347
0.002608
0.011565
0.020409
0.012176
0.005805
0.008035
0.038602
0.014443
0.028311
0.043750
0.073279
0.002507
0.100406
0.061787
0.005331
0.129258
0.158543
0.003939
0.020261
0.102558
0.086210
0.012749
0.014681
0.028924
0.041416
0.060188
0.028770
0.038806
0.086014
0.002336
0.018184
0.078093
0.140985
0.044799
0.047471
0.007085
0.037071
0.047538
0.017356
0.019605
0.029604
0.001267
0.024295
0.014847
0.024797
0.007973
0.138255
0.056275
0.071040
0.097294
0.043127
0.005683
0.048141
0.055245
0.085514
0.035315
0.008530
0.020860
0.028195
0.064889
0.052861
0.027513
0.269137
0.058177
0.016925
0.006709
0.010368
0.017644
0.010948
0.012906
0.020975
0.011900
0.141922
0.005227
0.046463
0.033019
0.252415
0.007427
0.031704
0.218066
0.125390
0.106166
0.018642
0.011712
0.069035
0.165649
0.050853
0.052983
0.020530
0.091717
0.012942
0.024443
0.034634
0.044280
0.017351
0.007624
0.058950
0.021285
0.054403
0.010479
0.041008
0.047534
0.003326
0.025649
0.009022
0.004092
0.287575
0.024321
0.103754
0.018368
0.071509
0.089254
0.056590
0.039866
0.033172
0.026815
0.165785
0.110975
0.209574
0.008296
0.082034
0.174133
0.012497
0.004301
0.084462
0.053402
0.115255
0.009410
0.099128
0.014074
0.011170
0.011215
0.105319
0.068388
0.046273
0.027779
0.131075
0.031145
0.106005
0.036142
0.029570
0.038823
0.022415
0.086049
0.043663
0.016515
0.143646
0.030271
0.049018
0.148093
0.061175
0.007770
0.175664
0.061755
0.025489
0.009374
0.098750
0.060486
0.047651
0.140206
0.097124
0.010281
0.023348
0.017854
0.085148
0.002132
0.052732
0.089838
0.130854
0.026167
0.107613
0.007328
0.117109
0.008524
0.031645
0.099750
0.010151
0.016275
0.080065
0.079569
0.064053
0.074000
0.048904
0.018130
0.026511
0.012525
0.149430
0.054726
0.032015
0.038744
0.183926
0.010404
0.055153
0.044062
0.059084
0.001142
0.128543
0.168124
0.052045
0.074554
0.159842
0.076775
0.010344
0.053669
0.058326
0.034492
0.083343
0.170230
0.162367
0.037460
0.007511
0.261823
0.114107
0.008322
0.158519
0.127464
0.045722
0.055920
0.031823
0.003520
0.025517
0.101488
0.000290
0.025357
0.031736
0.048180
0.157745
0.026574
0.026632
0.083594
0.037617
0.015899
0.037643
0.009489
0.012128
0.043118
0.033930
0.153956
0.028127
0.054306
0.062524
0.000824
0.068079
0.012254
0.202875
0.010059
0.033469
0.005576
0.360505
0.043597
0.056551
0.004340
0.086634
0.014725
0.142707
0.014349
0.013223
0.002327
0.039924
0.052003
0.004248
0.093375
0.037740
0.046447
0.036324
0.032006
0.051260
0.010544
0.012550
0.123684
0.182557
0.029206
0.019733
0.064551
0.032843
0.001607
0.010611
0.078668
0.067228
0.001717
0.015687
0.016423
0.069651
0.001244
0.006871
0.100564
0.012292
0.066106
0.017003
0.006546
0.017414
0.080068
0.120990
0.110828
0.031634
0.068930
0.014337
0.021683
0.141662
0.000818
0.005587
0.014566
0.001681
0.012513
0.054673
0.034199
0.139491
0.106293
0.026142
0.018770
0.029846
0.055770
0.019504
0.061160
0.032915
0.050192
0.035808
0.021800
0.185329
0.090141
0.009435
0.126782
0.041770
0.140596
0.100545
0.034610
0.001420
0.019556
0.048755
0.062731
0.018641
0.009380
0.112587
0.260039
0.046618
0.011772
0.019867
0.001160
0.153556
0.007830
0.053703
0.020018
0.050490
0.065868
0.110652
0.014450
0.000691
0.009201
0.143923
0.129413
0.056865
0.057349
0.068358
0.012051
0.153638
0.033913
0.030194
0.045732
0.003007
0.011366
0.083721
0.005402
0.057763
0.017594
0.030821
0.021291
0.027472
0.079348
0.022036
0.052228
0.040397
0.068104
0.172620
0.082432
0.015125
0.001980
0.019011
0.056504
0.003300
0.042869
0.056777
0.025427
0.092103
0.007045
0.004882
0.081415
0.042761
0.072878
0.035664
0.017681
0.106864
0.100408
0.074153
0.019853
0.055760
0.027988
0.006003
0.155794
0.009196
0.187531
0.036913
0.012796
0.048792
0.128946
0.082350
0.102675
0.067202
0.073660
0.118236
0.017952
0.042014
0.015626
0.274722
0.180216
0.002514
0.076421
0.162099
0.012447
0.052450
0.154429
0.002158
0.074713
0.022056
0.161391
0.221404
0.180448
0.040179
0.123801
0.116339
0.024021
0.110350
0.002357
0.056688
0.016336
0.008030
0.005005
0.074480
0.025958
0.080634
0.004224
0.023673
0.048464
0.097756
0.023989
0.061451
0.135710
0.059797
0.016576
0.001544
0.127561
0.001344
0.129816
0.047048
0.174874
0.100211
0.386387
0.026992
0.091095
0.032128
0.040855
0.061721
0.129307
0.258775
0.091387
0.033805
0.034192
0.083614
0.017052
0.007317
0.027370
0.021163
0.021963
0.016629
0.002688
0.001127
0.274999
0.034889
0.030315
0.071146
0.015389
0.187185
0.096462
0.005854
0.033785
0.132059
0.180973
0.039374
0.059400
0.011423
0.295590
0.016471
0.178751
0.065551
0.058489
0.044928
0.016390
0.012139
0.015568
0.012896
0.094515
0.026936
0.003724
0.217318
0.134520
0.164228
0.330003
0.011940
0.031536
0.088738
0.074425
0.010445
0.105745
0.015886
0.015835
0.048123
0.056175
0.054232
0.005997
0.131208
0.019294
0.008669
0.137247
0.194730
0.123839
0.103637
0.066557
0.050026
0.005688
0.032813
0.029145
0.018798
0.080328
0.042808
0.005282
0.015544
0.071854
0.004949
0.119075
0.042718
0.040941
0.056093
0.108822
0.026714
0.070828
0.052131
0.019416
0.131807
0.099791
0.067142
0.118813
0.126226
0.077015
0.113380
0.074724
0.071242
0.060246
0.087326
0.010793
0.132972
0.128406
0.001855
0.109228
0.008623
0.025509
0.085041
0.010954
0.106473
0.111537
0.044262
0.000400
0.021145
0.059971
0.248323
0.062448
0.018802
0.062821
0.048531
0.094589
0.007072
0.089463
0.048705
0.206039
0.026147
0.062585
0.168041
0.006760
0.173016
0.072774
0.004390
0.022378
0.076974
0.004358
0.054543
0.026529
0.060625
0.002926
0.128257
0.226887
0.216865
0.086556
0.008710
0.088744
0.001556
0.001398
0.024437
0.041918
0.091966
0.071862
0.036901
0.019981
0.365721
0.034715
0.037523
0.011167
0.098989
0.073946
0.015591
0.005373
0.071312
0.066425
0.019949
0.188322
0.010235
0.035389
0.179723
0.034016
0.063598
0.031677
0.020031
0.258361
0.032907
0.140328
0.016332
0.014979
0.001977
0.065912
0.028731
0.124859
0.040060
0.215505
0.012826
0.126855
0.093674
0.092106
0.116433
0.089462
0.061506
0.008793
0.002067
0.158524
0.059925
0.099517
0.041054
0.007799
0.008359
0.072311
0.035166
0.013987
0.042280
0.004148
0.054513
0.019583
0.099832
0.023224
0.037961
0.000731
0.004700
0.031150
0.040863
0.057271
0.021552
0.074212
0.122937
0.094591
0.002527
0.040931
0.006928
0.017321
0.269824
0.009608
0.043183
0.060171
0.075764
0.051261
0.000614
0.024701
0.045576
0.005748
0.026984
0.002110
0.005115
0.031607
0.008899
0.052392
0.073091
0.100773
0.013958
0.011456
0.006903
0.063237
0.076612
0.002006
0.172012
0.003336
0.048709
0.077165
0.127981
0.078254
0.101132
0.025918
0.105403
0.005219
0.140753
0.049573
0.106244
0.037629
0.064477
0.046712
0.082202
0.005322
0.003891
0.017739
0.010863
0.128377
0.015466
0.232756
0.025676
0.012565
0.097451
0.067189
0.043097
0.050656
0.079382
0.016210
0.350539
0.230040
0.065672
0.013911
0.071259
0.004684
0.001946
0.018624
0.038816
0.126689
0.081181
0.084846
0.034640
0.026534
0.028980
0.274629
0.002558
0.126103
0.054022
0.036084
0.080745
0.041677
0.129182
0.144352
0.034231
0.020257
0.056084
0.152160
0.014785
0.060964
0.062405
0.082558
0.008817
0.078635
0.149828
0.012379
0.016951
0.222136
0.012478
0.120424
0.042364
0.017750
0.127875
0.036834
0.045202
0.027818
0.056176
0.011160
0.031004
0.217947
0.018662
0.066829
0.024583
0.092806
0.008767
0.218788
0.037797
0.016828
0.004771
0.011627
0.045844
0.025687
0.110338
0.035230
0.017873
0.060006
0.076676
0.011423
0.011467
0.002335
0.083333
0.068129
0.040228
0.116187
0.102387
0.055021
0.126688
0.014404
0.007418
0.019648
0.003674
0.047345
0.172399
0.002509
0.008140
0.037615
0.169763
0.023752
0.044233
0.002654
0.010036
0.269672
0.209738
0.000310
0.189540
0.063701
0.126521
0.037906
0.045302
0.041943
0.068700
0.009401
0.001902
0.023004
0.076231
0.014091
0.069945
0.218977
0.006163
0.069786
0.036659
0.126627
0.012186
0.073731
0.113804
0.180840
0.071852
0.042970
0.060121
0.126990
0.052837
0.001929
0.167057
0.073104
0.070537
0.015183
0.067221
0.031291
0.065834
0.007045
0.067031
0.465108
0.003088
0.236241
0.032650
0.127877
0.095314
0.052316
0.083820
0.131748
0.032359
0.024754
0.068837
0.103091
0.089793
0.099910
0.035748
0.106427
0.008004
0.049146
0.000361
0.024527
0.028527
0.031529
0.074311
0.030746
0.037217
0.016951
0.029201
0.016114
0.004751
0.057809
0.068954
0.060390
0.038917
0.029856
0.124388
0.045754
0.040772
0.001624
0.026088
0.029897
0.031804
0.054244
0.047670
0.058516
0.090480
0.104786
0.079143
0.194550
0.001150
0.013617
0.000474
0.065165
0.142693
0.017439
0.163611
0.003885
0.170296
0.027080
0.006684
0.041580
0.018547
0.020956
0.022946
0.101543
0.048419
0.023310
0.058904
0.078707
0.019894
0.033354
0.008124
0.012491
0.071433
0.012513
0.046549
0.077162
0.007064
0.052359
0.018529
0.205929
0.041298
0.102491
0.049938
0.002774
0.062675
0.189013
0.057521
0.106894
0.134747
0.016180
0.014895
0.059008
0.033086
0.114482
0.143926
0.027254
0.016895
0.094782
0.020082
0.108089
0.034450
0.068829
0.006276
0.061112
0.037566
0.055210
0.011496
0.083445
0.124143
0.015268
0.006288
0.001495
0.064196
0.058387
0.049450
0.016494
0.030986
0.056411
0.042919
0.275321
0.009168
0.074245
0.032378
0.034935
0.079026
0.073692
0.296212
0.008589
0.006871
0.080536
0.053979
0.020027
0.005172
0.005597
0.140382
0.013314
0.024415
0.016064
0.027406
0.004497
0.045751
0.004375
0.100701
0.016637
0.048535
0.132558
0.065771
0.047583
0.024504
0.025311
0.069194
0.321219
0.067765
0.050997
0.081984
0.039117
0.003877
0.051638
0.197575
0.012046
0.073200
0.014019
0.047969
0.006355
0.037407
0.088204
0.026691
0.068335
0.099184
0.163733
0.016713
0.031855
0.010335
0.305666
0.163582
0.048527
0.115336
0.045998
0.061067
0.005834
0.087975
0.008540
0.109318
0.095212
0.077097
0.002302
0.022572
0.019083
0.027906
0.005733
0.172747
0.050437
0.022787
0.031613
0.037048
0.057361
0.045313
0.157385
0.042943
0.303016
0.119167
0.014615
0.166737
0.007732
0.106296
0.029940
0.131470
0.126586
0.102470
0.097550
0.022711
0.005274
0.032238
0.011912
0.074205
0.026550
0.232099
0.064022
0.108042
0.008886
0.123788
0.160050
0.041725
0.058253
0.090460
0.012011
0.043643
0.031787
0.009891
0.028633
0.004413
0.001634
0.009076
0.206247
0.049841
0.211011
0.035407
0.023356
0.044094
0.036184
0.006980
0.063997
0.015212
0.060406
0.065650
0.010306
0.003957
0.094850
0.038489
0.003745
0.329496
0.003720
0.074222
0.257206
0.017085
0.009590
0.008088
0.022585
0.006658
0.073636
0.004020
0.044511
0.357055
0.105116
0.059693
0.022853
0.061118
0.046797
0.034704
0.008755
0.136054
0.037340
0.013528
0.028655
0.033416
0.109849
0.082676
0.091666
0.000693
0.033632
0.041032
0.001211
0.018803
0.089270
0.009217
0.047899
0.015146
0.000762
0.017251
0.232778
0.101072
0.200522
0.041822
0.007265
0.049624
0.037864
0.116262
0.006452
0.041869
0.010161
0.024535
0.083560
0.040394
0.029464
0.031354
0.038448
0.096075
0.139151
0.194285
0.096626
0.023683
0.072824
0.035972
0.018371
0.114878
0.002449
0.145023
0.038683
0.063369
0.067307
0.140932
0.063278
0.059484
0.004311
0.045666
0.010170
0.083578
0.044868
0.071259
0.002660
0.005538
0.078745
0.004676
0.004620
0.000761
0.195939
0.083596
0.027237
0.021984
0.026895
0.093132
0.067678
0.012800
0.011956
0.006474
0.067481
0.090344
0.019247
0.001323
0.005359
0.214853
0.021887
0.091644
0.061246
0.030073
0.014392
0.008088
0.059659
0.093127
0.064535
0.047229
0.002679
0.216088
0.100189
0.021655
0.244409
0.057563
0.054580
0.086164
0.104381
0.066782
0.008567
0.025806
0.164516
0.015900
0.029093
0.035361
0.036172
0.059323
0.179127
0.017209
0.008096
0.013749
0.136231
0.064870
0.021046
0.105783
0.123497
0.117134
0.157025
0.018167
0.087917
0.038574
0.115322
0.081485
0.093632
0.066724
0.012208
0.049220
0.261120
0.173175
0.002758
0.011256
0.008828
0.080910
0.106411
0.015011
0.044058
0.114812
0.082485
0.048838
0.055778
0.044376
0.022074
0.052029
0.072975
0.129132
0.063213
0.089488
0.010902
0.038692
0.000586
0.017704
0.081020
0.300302
0.006528
0.032082
0.100612
0.014263
0.050617
0.082548
0.059817
0.013018
0.027444
0.095720
0.050497
0.000328
0.089453
0.002247
0.085586
0.014141
0.198240
0.028673
0.024744
0.010076
0.022795
0.130796
0.350547
0.028710
0.037207
0.080024
0.135830
0.056191
0.031050
0.033255
0.074342
0.000201
0.060406
0.027454
0.098802
0.006100
0.055451
0.040987
0.064258
0.004191
0.054216
0.051523
0.051405
0.057816
0.070529
0.102169
0.019654
0.108953
0.043104
0.005012
0.003771
0.025426
0.096040
0.076869
0.097130
0.045518
0.036261
0.009970
0.024861
0.035575
0.005798
0.015578
0.056991
0.083158
0.400342
0.169047
0.064300
0.034180
0.063193
0.096260
0.007872
0.032967
0.114459
0.030265
0.053021
0.055386
0.012745
0.028112
0.025452
0.001659
0.001531
0.111374
0.019933
0.045623
0.022178
0.176550
0.018760
0.035095
0.128840
0.115296
0.012870
0.101421
0.038302
0.041228
0.008954
0.005252
0.081358
0.042881
0.035888
0.081720
0.090647
0.010816
0.058887
0.009090
0.086988
0.066868
0.196102
0.004466
0.003672
0.020722
0.018963
0.017729
0.147948
0.017942
0.019837
0.089038
0.037335
0.093705
0.004225
0.041787
0.002137
0.004044
0.148070
0.009372
0.047512
0.033093
0.026669
0.143807
0.001379
0.068126
0.206722
0.051335
0.172613
0.003355
0.033916
0.018832
0.082024
0.248692
0.018527
0.066364
0.013798
0.052073
0.038968
0.223484
0.058615
0.026876
0.007572
0.010249
0.015956
0.018061
0.118827
0.051485
0.046316
0.007619
0.122944
0.080192
0.004379
0.076902
0.049016
0.005329
0.038315
0.041437
0.011328
0.182075
0.118560
0.069107
0.038778
0.033164
0.065788
0.049275
0.004019
0.044904
0.102624
0.038424
0.003335
0.096443
0.014053
0.018703
0.011248
0.025050
0.088354
0.045793
0.014329
0.131396
0.132299
0.127793
0.017053
0.037506
0.262438
0.092404
0.001721
0.004214
0.038968
0.149957
0.048357
0.043049
0.006966
0.066836
0.107909
0.029920
0.093399
0.208598
0.014241
0.046308
0.021154
0.098396
0.053862
0.062920
0.099941
0.031508
0.154135
0.047593
0.010745
0.074400
0.098519
0.023807
0.121635
0.147874
0.020263
0.256606
0.009478
0.014104
0.012726
0.140264
0.066385
0.010312
0.036275
0.059705
0.005447
0.133788
0.101726
0.043976
0.213443
0.033805
0.258880
0.068899
0.062935
0.011342
0.133529
0.034858
0.011063
0.000793
0.051277
0.046844
0.079416
0.138101
0.005171
0.082181
0.012971
0.122073
0.106851
0.048641
0.077419
0.023587
0.039818
0.107746
0.038427
0.027678
0.042602
0.110107
0.025518
0.011929
0.077803
0.109286
0.006629
0.017142
0.009570
0.026726
0.037405
0.086351
0.065819
0.060627
0.027153
0.115104
0.039832
0.241765
0.062844
0.008436
0.070472
0.024575
0.072463
0.004512
0.012014
0.121007
0.016107
0.113391
0.020469
0.064356
0.074041
0.044924
0.022768
0.014942
0.002110
0.022646
0.066181
0.174097
0.128096
0.090794
0.097080
0.068349
0.018843
0.148578
0.069430
0.051374
0.007353
0.037031
0.038553
0.124953
0.049443
0.029918
0.235226
0.007334
0.034321
0.002683
0.084169
0.156373
0.020535
0.122146
0.021601
0.151034
0.087642
0.102142
0.001136
0.205733
0.081067
0.022718
0.110525
0.020664
0.128852
0.007465
0.076021
0.048628
0.006345
0.017308
0.000780
0.039535
0.022405
0.057012
0.022046
0.022285
0.084964
0.003084
0.145748
0.119520
0.068877
0.056218
0.139277
0.012811
0.005141
0.017112
0.098918
0.002205
0.054638
0.336868
0.120990
0.046062
0.004110
0.111254
0.057109
0.007631
0.006160
0.150238
0.069140
0.110486
0.131987
0.053006
0.045541
0.035179
0.023824
0.035638
0.092918
0.057569
0.139405
0.036617
0.058386
0.062362
0.055984
0.075799
0.016942
0.044887
0.006879
0.030334
0.041799
0.066012
0.187901
0.057370
0.085062
0.044110
0.062838
0.004598
0.018347
0.028074
0.039975
0.002920
0.009428
0.020256
0.222437
0.025156
0.041116
0.013642
0.058976
0.020591
0.014495
0.045428
0.000345
0.000481
0.015454
0.002338
0.007145
0.025862
0.101403
0.053047
0.044926
0.021714
0.167790
0.031616
0.005695
0.059993
0.007553
0.026466
0.044255
0.129578
0.042520
0.075721
0.308501
0.008811
0.020076
0.031364
0.034243
0.033085
0.148859
0.078242
0.058516
0.023135
0.108505
0.193902
0.107592
0.000098
0.063232
0.003281
0.018617
0.003836
0.057864
0.072515
0.007599
0.030265
0.038078
0.028783
0.008062
0.033932
0.086939
0.004603
0.005224
0.027384
0.177662
0.069022
0.070955
0.028081
0.056285
0.000636
0.063179
0.152822
0.059264
0.129318
0.080454
0.008029
0.145464
0.004297
0.047719
0.009582
0.000736
0.034265
0.021851
0.041596
0.053803
0.002795
0.008203
0.051119
0.026270
0.081642
0.066024
0.116765
0.073704
0.035125
0.069856
0.020132
0.022858
0.097239
0.036959
0.100086
0.108022
0.121803
0.155283
0.035241
0.024000
0.054547
0.028994
0.057436
0.076423
0.072878
0.029331
0.011410
0.035191
0.009615
0.138010
0.026529
0.010486
0.001611
0.064872
0.063318
0.026027
0.004651
0.032938
0.023302
0.070655
0.058178
0.028343
0.015360
0.276616
0.037821
0.072852
0.009467
0.041546
0.001745
0.044007
0.207795
0.030303
0.002486
0.001965
0.030688
0.010899
0.001477
0.088216
0.038341
0.021339
0.143964
0.007716
0.195108
0.023552
0.137054
0.057730
0.109548
0.258499
0.021265
0.202980
0.030840
0.030435
0.026006
0.048725
0.010463
0.050424
0.048765
0.089692
0.112104
0.036288
0.022501
0.018763
0.013528
0.003711
0.026202
0.019691
0.212109
0.050987
0.026663
0.054288
0.009368
0.036692
0.061508
0.041949
0.032112
0.318190
0.132681
0.061037
0.052658
0.060583
0.014049
0.031422
0.002516
0.040337
0.048945
0.016153
0.207815
0.150119
0.080041
0.047641
0.127499
0.008751
0.097692
0.008333
0.098806
0.020165
0.131019
0.180197
0.010069
0.038822
0.247666
0.041281
0.124486
0.055532
0.029408
0.021036
0.014199
0.089665
0.030540
0.044747
0.042370
0.053815
0.125423
0.246856
0.032722
0.109842
0.090385
0.053263
0.195290
0.013984
0.007232
0.120243
0.036144
0.117320
0.139736
0.004031
0.134348
0.037174
0.044640
0.061568
0.163055
0.001206
0.040492
0.072741
0.080168
0.073712
0.009023
0.022238
0.027768
0.101992
0.020424
0.014788
0.197314
0.000556
0.383051
0.070597
0.110187
0.021814
0.000901
0.083682
0.112290
0.084307
0.009634
0.087506
0.091563
0.067158
0.090808
0.116893
0.059431
0.005799
0.041794
0.005052
0.032717
0.032671
0.004268
0.026811
0.007353
0.103218
0.184408
0.004692
0.193979
0.046209
0.022253
0.004999
0.043400
0.098899
0.076742
0.003221
0.004731
0.032227
0.021873
0.016529
0.020619
0.101688
0.165518
0.032460
0.147853
0.024242
0.040444
0.016014
0.063936
0.241396
0.057816
0.027680
0.065225
0.008197
0.137197
0.043708
0.037291
0.055098
0.061266
0.004655
0.071728
0.017311
0.078225
0.108061
0.101839
0.050255
0.045895
0.009636
0.093325
0.019790
0.042910
0.020904
0.008980
0.062066
0.003491
0.086306
0.023882
0.000008
0.044729
0.002999
0.020200
0.076719
0.004046
0.114278
0.000239
0.017716
0.084410
0.023762
0.006717
0.027916
0.019703
0.115605
0.023495
0.097224
0.139028
0.035552
0.150457
0.029607
0.207901
0.005846
0.072601
0.042553
0.030653
0.062601
0.076057
0.000273
0.011417
0.078027
0.068611
0.211425
0.089466
0.188207
0.075780
0.022119
0.006959
0.095153
0.064578
0.003087
0.027898
0.196369
0.043372
0.035432
0.038246
0.014644
0.028749
0.028859
0.003361
0.091197
0.033670
0.107936
0.118715
0.014891
0.066941
0.039950
0.132598
0.015188
0.070789
0.058491
0.021874
0.009180
0.065907
0.083856
0.023703
0.064698
0.031421
0.078062
0.013885
0.138077
0.021178
0.028658
0.003740
0.007390
0.045337
0.019464
0.112795
0.000925
0.029786
0.025719
0.001220
0.008301
0.033364
0.042436
0.032375
0.047314
0.056512
0.000623
0.038987
0.206901
0.045747
0.070736
0.023361
0.092949
0.092654
0.046042
0.233142
0.008385
0.001068
0.091898
0.102867
0.008004
0.019292
0.001107
0.021698
0.092714
0.045608
0.026741
0.029050
0.000085
0.022274
0.064985
0.228573
0.117357
0.001492
0.143018
0.095548
0.094740
0.038280
0.031719
0.022553
0.004247
0.016192
0.017698
0.041362
0.086008
0.040131
0.003724
0.197818
0.178742
0.096125
0.296728
0.049145
0.205662
0.004913
0.028450
0.015962
0.013622
0.009485
0.060872
0.095010
0.053966
0.009935
0.104166
0.063155
0.030706
0.070079
0.018811
0.026463
0.155924
0.021450
0.039679
0.138035
0.076878
0.004014
0.009959
0.000492
0.062297
0.037101
0.009012
0.198032
0.047144
0.017308
0.043397
0.071141
0.004956
0.020073
0.102805
0.038473
0.049433
0.035442
0.002806
0.011326
0.036860
0.014668
0.003204
0.115979
0.248344
0.098483
0.120167
0.017315
0.202167
0.013707
0.189047
0.328926
0.077740
0.248182
0.052681
0.018780
0.035904
0.056270
0.004743
0.060861
0.248295
0.013178
0.098318
0.149054
0.179818
0.201392
0.046063
0.236609
0.088498
0.011022
0.040499
0.079189
0.017759
0.063960
0.068651
0.011098
0.052038
0.092298
0.043184
0.000761
0.000567
0.027604
0.162895
0.016228
0.062882
0.015695
0.024258
0.117759
0.081570
0.006266
0.034990
0.001850
0.040977
0.067875
0.007883
0.021308
0.031702
0.157493
0.312435
0.002872
0.089458
0.029048
0.031146
0.087719
0.156641
0.188405
0.053792
0.027612
0.096815
0.018064
0.051893
0.027754
0.066809
0.017185
0.013293
0.156497
0.006710
0.044071
0.015597
0.002482
0.002293
0.012040
0.125980
0.020747
0.187810
0.054461
0.035862
0.054232
0.045445
0.088877
0.020749
0.027218
0.140325
0.182954
0.139425
0.033986
0.094737
0.040432
0.043015
0.014313
0.055897
0.012873
0.025176
0.120702
0.014502
0.004614
0.004469
0.176661
0.044193
0.032915
0.104085
0.112927
0.025235
0.073933
0.092161
0.066450
0.010275
0.130408
0.048410
0.020746
0.034611
0.002393
0.008551
0.090656
0.000001
0.033676
0.046201
0.003511
0.225926
0.016022
0.022668
0.022645
0.016369
0.000092
0.081682
0.212911
0.015874
0.067988
0.084650
0.117917
0.034329
0.022554
0.024592
0.077935
0.106067
0.012526
0.028971
0.145136
0.102717
0.261894
0.087715
0.031222
0.055822
0.067612
0.005107
0.049147
0.077221
0.011444
0.094813
0.054783
0.190074
0.002709
0.019271
0.057511
0.021986
0.078328
0.088936
0.006760
0.045078
0.044443
0.028806
0.168871
0.109837
0.074670
0.078307
0.038711
0.158640
0.074132
0.081598
0.123642
0.020019
0.102840
0.013576
0.026478
0.025555
0.240055
0.121355
0.075492
0.081156
0.051606
0.183698
0.042856
0.029929
0.011123
0.096421
0.082871
0.030318
0.001595
0.114146
0.000718
0.076024
0.219698
0.035978
0.016740
0.076271
0.106186
0.049413
0.213270
0.003316
0.043924
0.079216
0.124072
0.012346
0.100591
0.050284
0.031569
0.008827
0.125292
0.010695
0.023172
0.021410
0.128197
0.069805
0.099561
0.018019
0.061281
0.053002
0.111797
0.147837
0.000764
0.070057
0.003327
0.049748
0.021198
0.022900
0.027209
0.060687
0.025409
0.082461
0.032400
0.004425
0.095710
0.021033
0.035437
0.072287
0.025259
0.003641
0.029267
0.180653
0.064155
0.069572
0.062527
0.013868
0.033866
0.086879
0.006680
0.020345
0.020213
0.035354
0.245665
0.004368
0.045704
0.012355
0.220585
0.007516
0.032303
0.083686
0.076204
0.034340
0.026591
0.031678
0.019181
0.014365
0.041237
0.019544
0.021183
0.066832
0.216185
0.057839
0.005006
0.004912
0.189038
0.022051
0.006037
0.057119
0.061077
0.065347
0.019447
0.000952
0.209553
0.018055
0.070443
0.076645
0.058852
0.023455
0.019763
0.056905
0.125664
0.183278
0.006997
0.010513
0.180977
0.083365
0.134096
0.014152
0.055358
0.075486
0.071236
0.032782
0.000970
0.054656
0.018239
0.037394
0.197510
0.031826
0.114459
0.013058
0.069759
0.235785
0.006717
0.000522
0.035527
0.006075
0.086241
0.153738
0.035575
0.018710
0.035617
0.080335
0.000568
0.055642
0.059380
0.063453
0.017319
0.078247
0.005990
0.013889
0.131212
0.083886
0.000865
0.017845
0.015082
0.019738
0.017777
0.004035
0.038389
0.082469
0.058329
0.069838
0.005289
0.189125
0.113950
0.102201
0.108220
0.168672
0.049114
0.013969
0.059947
0.084889
0.083693
0.046062
0.004432
0.028988
0.158460
0.054884
0.048307
0.019571
0.028724
0.141069
0.068625
0.096768
0.037861
0.062183
0.017846
0.076396
0.034870
0.036523
0.065493
0.172079
0.004134
0.108844
0.021616
0.036678
0.001385
0.022386
0.043651
0.003613
0.042218
0.163676
0.006961
0.090362
0.032942
0.066545
0.018839
0.010859
0.010932
0.004569
0.012835
0.068206
0.133403
0.105168
0.072226
0.007314
0.021334
0.023174
0.017977
0.045226
0.047932
0.027590
0.027289
0.110219
0.097330
0.022992
0.153184
0.190855
0.024727
0.027351
0.044030
0.177017
0.130628
0.006764
0.031174
0.050377
0.043714
0.013469
0.122356
0.070620
0.113725
0.122333
0.086234
0.036151
0.058938
0.010924
0.069986
0.012346
0.074000
0.016303
0.007816
0.011292
0.000125
0.079280
0.082392
0.045217
0.010999
0.005453
0.001207
0.011326
0.138443
0.017279
0.027336
0.006957
0.015718
0.045772
0.058491
0.017594
0.003717
0.030999
0.016677
0.015493
0.200966
0.059868
0.050869
0.033592
0.035017
0.048656
0.074509
0.075697
0.011773
0.043336
0.033185
0.127768
0.062381
0.047523
0.007663
0.058155
0.007791
0.025706
0.009633
0.073618
0.014437
0.031084
0.141265
0.014285
0.044305
0.033967
0.001143
0.098367
0.004472
0.040184
0.051408
0.061876
0.072924
0.018253
0.000627
0.080334
0.047946
0.113038
0.107659
0.115849
0.041486
0.025369
0.098006
0.037512
0.012666
0.120678
0.133864
0.039246
0.004920
0.030671
0.101705
0.145030
0.014218
0.004333
0.131152
0.030833
0.048773
0.215255
0.004305
0.065314
0.004812
0.029422
0.101793
0.035514
0.366991
0.051178
0.024211
0.015538
0.026974
0.029129
0.004449
0.028835
0.039004
0.080174
0.066827
0.077102
0.000525
0.015342
0.067736
0.041352
0.000333
0.102010
0.092623
0.049688
0.004298
0.090915
0.054774
0.095192
0.087082
0.101535
0.045614
0.009450
0.069511
0.060552
0.084736
0.011637
0.013555
0.138188
0.086638
0.149278
0.088861
0.056825
0.066356
0.137461
0.054041
0.062546
0.010635
0.040144
0.078761
0.019750
0.014123
0.023539
0.017276
0.015123
0.034570
0.149013
0.044210
0.013010
0.005006
0.074453
0.030160
0.107814
0.067336
0.099426
0.019836
0.073676
0.019163
0.174875
0.063227
0.024520
0.019628
0.013242
0.074142
0.015426
0.056539
0.019212
0.067789
0.105442
0.094074
0.089417
0.012995
0.005784
0.075030
0.028713
0.035390
0.001978
0.018783
0.002141
0.132094
0.017432
0.050934
0.002485
0.068697
0.024383
0.142624
0.136895
0.024592
0.144515
0.347605
0.109084
0.116469
0.017898
0.053730
0.004352
0.006233
0.425359
0.024717
0.086191
0.102708
0.122006
0.377759
0.017275
0.002574
0.033103
0.008710
0.001418
0.027935
0.095704
0.052195
0.023444
0.066394
0.016499
0.000905
0.090339
0.061093
0.089797
0.002482
0.113421
0.060396
0.051795
0.061238
0.124893
0.055260
0.054360
0.292219
0.088349
0.036495
0.076809
0.030815
0.016244
0.056778
0.164601
0.165440
0.026150
0.046881
0.014862
0.339578
0.248096
0.065526
0.101985
0.078476
0.056208
0.003426
0.037909
0.070205
0.070734
0.029188
0.177626
0.011447
0.043367
0.073377
0.074654
0.065371
0.020124
0.010615
0.063152
0.057159
0.012354
0.076328
0.037955
0.068869
0.113516
0.011625
0.001208
0.094379
0.058802
0.075173
0.113820
0.101475
0.202634
0.047983
0.041900
0.032123
0.010429
0.053128
0.020273
0.158888
0.054695
0.056159
0.027399
0.003337
0.002016
0.034406
0.005522
0.058347
0.133025
0.134053
0.067250
0.014830
0.124234
0.135774
0.013686
0.083576
0.021100
0.101420
0.368235
0.001905
0.142287
0.060908
0.226637
0.039094
0.117491
0.004027
0.025524
0.004335
0.231419
0.106133
0.119641
0.173754
0.005559
0.030444
0.004605
0.014795
0.016284
0.039575
0.019546
0.006653
0.011457
0.009957
0.225923
0.089011
0.214662
0.036210
0.020390
0.100059
0.024681
0.022237
0.016539
0.008681
0.018521
0.027438
0.070053
0.004038
0.014773
0.103475
0.009932
0.026221
0.124997
0.010521
0.005398
0.041418
0.022509
0.051797
0.101790
0.009220
0.054323
0.044014
0.009724
0.061135
0.019982
0.041819
0.005366
0.038464
0.022872
0.108007
0.003667
0.033896
0.038330
0.080688
0.053374
0.068766
0.093800
0.123873
0.023544
0.048265
0.114579
0.284484
0.137682
0.029023
0.013570
0.042010
0.084588
0.042400
0.041254
0.113849
0.028030
0.122790
0.032639
0.024865
0.037820
0.089835
0.008417
0.013667
0.189066
0.012060
0.052419
0.054117
0.042038
0.064683
0.016321
0.050278
0.029093
0.067733
0.009515
0.052876
0.012806
0.020414
0.015426
0.012620
0.109190
0.021029
0.163687
0.219007
0.052932
0.009645
0.029330
0.099885
0.028619
0.005690
0.050856
0.116569
0.099330
0.012033
0.069817
0.015569
0.015385
0.129503
0.017953
0.019094
0.000041
0.127836
0.098318
0.061691
0.086710
0.010308
0.038318
0.027041
0.006154
0.041612
0.158439
0.002555
0.021534
0.014538
0.017000
0.149419
0.039453
0.039245
0.089345
0.010489
0.041750
0.035131
0.056787
0.482721
0.091705
0.031705
0.109854
0.011699
0.001934
0.014295
0.026009
0.044658
0.059678
0.150919
0.044566
0.043481
0.003222
0.002221
0.050068
0.036036
0.114217
0.010948
0.001581
0.037256
0.016945
0.003180
0.080595
0.007395
0.058582
0.020623
0.011909
0.029852
0.101043
0.031108
0.086836
0.008380
0.092612
0.016901
0.070708
0.052138
0.165445
0.030620
0.004278
0.001209
0.109603
0.046493
0.093296
0.016696
0.026453
0.001910
0.203556
0.068889
0.169133
0.019285
0.059086
0.070922
0.023879
0.117787
0.183782
0.135098
0.083968
0.020312
0.020672
0.206664
0.000646
0.078685
0.076563
0.060918
0.288507
0.023362
0.025967
0.005139
0.036552
0.018908
0.026291
0.112451
0.171303
0.012842
0.029127
0.164993
0.003988
0.006057
0.011105
0.056525
0.010192
0.215276
0.036993
0.043512
0.017702
0.039793
0.067778
0.086938
0.087618
0.053906
0.146698
0.106281
0.088431
0.003576
0.000431
0.014927
0.068077
0.033104
0.032178
0.134952
0.141198
0.149926
0.023544
0.073412
0.019809
0.013217
0.012757
0.026170
0.035128
0.111097
0.007982
0.082984
0.047383
0.021225
0.042431
0.022287
0.056659
0.035555
0.011226
0.007747
0.049449
0.145438
0.026346
0.082532
0.067180
0.167608
0.107516
0.052257
0.066882
0.142911
0.031876
0.024732
0.000679
0.109492
0.100897
0.006895
0.053753
0.038974
0.007898
0.246303
0.015105
0.004350
0.056468
0.083920
0.002061
0.067190
0.047494
0.006812
0.011836
0.052454
0.021968
0.174108
0.106739
0.256780
0.018791
0.218587
0.035268
0.026686
0.003229
0.003388
0.073606
0.038272
0.016054
0.059490
0.018219
0.053867
0.027816
0.108421
0.107417
0.040553
0.027003
0.028143
0.102402
0.024860
0.014658
0.005531
0.039291
0.041127
0.114892
0.015628
0.029977
0.103273
0.108446
0.030344
0.038410
0.022586
0.168528
0.007893
0.169644
0.071974
0.047398
0.002075
0.040343
0.032739
0.010988
0.066769
0.221605
0.051623
0.078400
0.004432
0.033795
0.007731
0.059300
0.174277
0.067753
0.004995
0.027374
0.049999
0.032262
0.112102
0.105351
0.059145
0.029221
0.018426
0.006994
0.027397
0.033314
0.070404
0.067088
0.004543
0.031435
0.012539
0.010660
0.109763
0.002676
0.033957
0.011510
0.132169
0.050892
0.016447
0.043626
0.082178
0.198306
0.015565
0.135822
0.170170
0.155122
0.063062
0.062110
0.032262
0.087246
0.047361
0.070716
0.034964
0.082181
0.108747
0.009896
0.111834
0.048573
0.116386
0.035275
0.029781
0.154114
0.018078
0.116204
0.041356
0.045109
0.023053
0.053192
0.024585
0.002504
0.019841
0.000400
0.239561
0.210874
0.031424
0.081457
0.026522
0.069499
0.102310
0.183305
0.031949
0.095577
0.019322
0.289935
0.001632
0.057822
0.067335
0.072806
0.008017
0.174325
0.012493
0.060929
0.015744
0.022940
0.049417
0.033744
0.010914
0.011716
0.033846
0.088491
0.142652
0.005492
0.031212
0.006602
0.001046
0.067742
0.057652
0.011122
0.016646
0.001500
0.112593
0.229786
0.009097
0.016455
0.126754
0.163124
0.034005
0.003247
0.002512
0.053325
0.031191
0.001817
0.054705
0.000710
0.096763
0.022869
0.002568
0.055474
0.031686
0.227626
0.049106
0.020120
0.077246
0.019797
0.146622
0.029347
0.049888
0.003244
0.034709
0.111622
0.102381
0.015876
0.016018
0.106246
0.166561
0.006264
0.037371
0.025729
0.127846
0.005451
0.014822
0.087264
0.003291
0.042396
0.036474
0.025442
0.031364
0.047181
0.010999
0.053039
0.102311
0.089237
0.010445
0.010102
0.019513
0.027998
0.032814
0.071156
0.003647
0.002206
0.031090
0.074660
0.013436
0.064115
0.018805
0.135770
0.141274
0.022050
0.016335
0.033115
0.017196
0.069745
0.109317
0.069880
0.108704
0.031614
0.010624
0.083701
0.027939
0.069533
0.019725
0.005295
0.306489
0.010615
0.278660
0.236532
0.098687
0.067320
0.053893
0.125667
0.021356
0.039407
0.060374
0.033103
0.034857
0.025056
0.051915
0.118810
0.014066
0.170293
0.073015
0.108322
0.050773
0.094496
0.001021
0.106615
0.002560
0.137905
0.301479
0.021765
0.014758
0.090607
0.018233
0.125416
0.006783
0.008414
0.241905
0.070023
0.117286
0.024503
0.070532
0.056375
0.057762
0.071711
0.053532
0.035030
0.020179
0.091470
0.016033
0.073675
0.016606
0.061357
0.085917
0.015426
0.003863
0.008774
0.058212
0.118340
0.002878
0.082802
0.026095
0.040694
0.165194
0.025214
0.039132
0.000861
0.005320
0.018700
0.001765
0.062374
0.034739
0.049650
0.011997
0.021930
0.068133
0.210068
0.003233
0.138173
0.053756
0.051871
0.043357
0.004495
0.005886
0.057411
0.026061
0.155759
0.032617
0.009665
0.078393
0.021702
0.046589
0.074798
0.144077
0.098196
0.070508
0.071143
0.182336
0.021920
0.000070
0.019837
0.015360
0.067764
0.062771
0.056255
0.001024
0.081551
0.024429
0.068362
0.050827
0.026229
0.009034
0.006199
0.111308
0.156618
0.065576
0.006824
0.032138
0.081588
0.094582
0.007863
0.000002
0.077829
0.027561
0.018355
0.000811
0.048574
0.119051
0.197585
0.052133
0.045156
0.005556
0.049750
0.029875
0.058393
0.030763
0.017177
0.006236
0.023639
0.006352
0.012167
0.273063
0.036698
0.047438
0.129278
0.338694
0.054624
0.104615
0.024745
0.022807
0.032209
0.069768
0.071644
0.023668
0.008935
0.062547
0.008584
0.053995
0.073893
0.075376
0.087518
0.128904
0.043317
0.081891
0.060338
0.012911
0.001627
0.020927
0.036578
0.060000
0.118553
0.013654
0.008385
0.206868
0.007146
0.040689
0.055052
0.048720
0.005622
0.003670
0.006967
0.055056
0.049126
0.016640
0.063468
0.107198
0.002654
0.043088
0.073060
0.018173
0.022990
0.059436
0.142634
0.103771
0.054686
0.081885
0.028366
0.064021
0.039231
0.013165
0.075611
0.050811
0.027758
0.151434
0.001322
0.023717
0.003660
0.090918
0.075689
0.025156
0.070373
0.031505
0.088227
0.037842
0.033219
0.170576
0.018053
0.008021
0.054899
0.217763
0.029660
0.004003
0.025904
0.044068
0.011040
0.067078
0.381035
0.037563
0.027380
0.032000
0.007646
0.134245
0.033490
0.030615
0.067369
0.036466
0.065299
0.003963
0.105033
0.176365
0.065394
0.193218
0.010263
0.040561
0.057551
0.054478
0.032079
0.025789
0.008476
0.031072
0.011095
0.082852
0.014640
0.003772
0.050236
0.056527
0.128440
0.053771
0.026491
0.101538
0.048571
0.005162
0.052148
0.149136
0.031544
0.021965
0.009679
0.010264
0.035437
0.056597
0.005253
0.175390
0.087940
0.055212
0.110176
0.005224
0.040492
0.062156
0.110254
0.095627
0.020278
0.176762
0.008299
0.130032
0.221150
0.012187
0.080023
0.002570
0.032494
0.045391
0.054315
0.171743
