# Poisson Arrival Times Generated
# Generated on: 2025-09-28 05:59:07
# Arrival time: 2 seconds (avg inter-arrival time)
# QPS: 0.5000 queries per second
# Number of queries: 4322
# Random seed: 42
# Format: One delay value per line (seconds)
#
0.938536
6.020243
2.633491
1.825885
0.339250
0.339193
0.119678
4.022462
1.838164
2.462500
0.041599
7.007115
3.572859
0.477375
0.401358
0.405223
0.725507
1.487856
1.131074
0.688446
1.892742
0.300469
0.691031
0.912554
1.217869
3.075872
0.445472
1.444058
1.795009
0.095128
1.870666
0.373923
0.134528
5.947376
6.741261
3.304663
0.726576
0.205555
2.305502
1.160182
0.260304
1.367094
0.069987
4.800846
0.598916
2.172512
0.747093
1.468222
1.582448
0.408777
6.985614
2.984491
5.610189
4.504304
1.822109
5.098871
0.185311
0.436269
0.092564
0.787064
0.984261
0.633121
3.529116
0.882454
0.659606
1.564814
0.303796
3.240967
0.154952
8.668293
2.958968
0.443079
0.011075
3.379794
2.454192
2.611326
2.950429
0.153859
0.887785
0.246300
3.977059
1.952602
0.803638
0.131336
0.744977
0.786628
2.615752
2.029779
4.364504
1.278132
0.254745
2.498253
2.860786
1.647775
2.947780
1.361629
1.479358
1.115628
0.051496
0.228335
0.063867
2.023459
0.754793
1.420874
4.762531
0.573478
1.056564
2.817498
0.519610
0.160209
0.684281
0.351617
5.309900
3.301774
2.006988
4.103039
3.255938
0.412991
4.461627
1.550200
3.294697
4.528485
0.765461
0.233184
0.517373
1.114115
3.407659
3.942690
0.013953
1.429752
1.080547
0.502335
0.255361
0.823817
5.726242
0.780768
1.462906
2.428174
0.903949
7.135596
6.564020
0.580123
1.375319
0.715861
0.670499
0.075169
1.880984
1.397039
0.105702
0.653252
4.777722
0.547721
0.313062
1.344544
8.488074
0.554290
2.230310
2.867775
0.542666
2.605498
0.917046
2.001007
2.007676
1.534770
0.189258
3.607290
0.773621
0.412864
0.083260
1.787557
2.263703
0.033454
1.435261
0.513648
2.072249
0.383208
2.348425
0.977917
5.520688
0.295889
0.834265
0.240889
5.172381
4.196667
0.596655
2.157525
3.398968
1.620265
1.508559
0.553754
0.195452
4.550246
4.613549
2.005340
0.828093
0.859135
2.588931
4.548195
4.362265
3.027124
2.054621
0.175783
0.352588
4.576461
1.864988
0.018479
0.213994
2.178325
0.010149
0.350632
1.591396
2.354631
2.110883
0.507900
2.490835
0.541648
0.787270
2.744715
2.097548
3.783912
2.143627
1.680089
0.196714
0.916833
0.616320
0.559400
7.224619
0.998775
4.452110
1.994669
3.167651
1.396871
1.720312
1.356587
0.434430
2.563524
0.659155
0.049233
2.073938
0.389867
5.642166
6.155125
4.927020
0.924575
0.031155
5.271047
1.117877
6.801684
6.627471
3.834774
0.697552
0.972584
3.809453
0.762292
0.371437
1.627474
5.502587
2.381651
1.688225
0.204456
1.909061
9.221139
0.301841
1.460991
4.197217
2.700068
2.388149
2.424575
0.890985
0.695124
3.314749
3.322656
4.035900
4.889232
1.432186
1.392369
3.201900
2.099438
2.421101
3.177239
4.414647
0.824965
0.941874
0.197392
1.726828
0.073208
1.253214
1.564589
0.675261
1.787265
0.061950
0.076127
3.458703
0.893170
0.271778
1.477307
2.939296
0.486236
1.950439
0.178422
0.106130
1.515818
1.555821
2.029075
2.589921
7.447114
1.452582
0.780039
3.171308
0.631703
1.155967
0.163410
0.051355
6.574760
3.615535
2.381285
1.051719
0.380613
0.340241
0.576012
1.593581
2.507699
2.158781
0.656825
6.196207
2.678035
1.616461
1.892061
1.088076
0.569323
0.880028
2.836364
0.028996
0.246761
0.094189
0.083163
3.868406
2.432481
1.285569
0.205914
1.353036
1.282901
0.380389
1.137798
1.016673
1.913445
2.016229
0.092725
0.938768
1.966250
1.398879
3.882699
2.149950
0.355706
0.146365
2.056788
0.053738
1.762695
5.634511
1.713565
0.982601
2.061654
1.225912
1.577629
5.676254
0.975855
6.498184
4.715152
0.435793
0.143768
0.212451
0.036780
0.198410
2.297750
0.147699
0.768314
3.727052
0.047094
3.369061
0.662167
0.251500
2.386311
1.982798
4.198832
2.656587
3.253992
0.662668
0.390667
2.777513
3.288418
9.314010
1.064159
0.930488
2.995909
0.833467
5.340276
3.909678
1.120711
2.779569
2.809266
0.217675
4.656891
1.407415
3.502665
0.771471
4.517581
0.985977
0.021794
4.715815
0.191451
0.769307
5.993945
6.015899
1.703995
1.998460
1.190029
0.694046
0.796973
2.232647
2.791676
3.136391
3.117662
0.191274
1.364099
0.118563
1.594923
1.165111
4.373237
0.864383
0.249012
0.308615
2.866861
1.925811
0.213217
0.175711
2.414417
0.151092
3.450372
2.450000
0.169698
0.177308
8.630917
0.937675
0.926111
3.351151
5.884329
8.537548
2.799798
0.944042
0.174388
3.002485
1.634721
1.104066
4.736475
0.235760
1.357010
0.022837
1.264709
0.115901
0.252982
0.250052
2.095137
2.741195
1.751108
6.549440
0.939593
0.672938
4.059005
0.506164
6.605740
0.024458
7.005054
0.088238
4.435442
1.500287
9.913657
0.153323
1.614219
6.967150
1.480888
1.985257
2.379802
1.212256
1.975348
1.755652
4.628466
0.093023
0.659685
6.007992
4.419352
1.216351
1.935866
0.649747
0.416808
1.246117
0.871907
1.752487
0.161845
7.329920
8.567731
2.395728
1.536157
0.740759
3.361814
2.308659
0.354947
4.836602
3.457989
5.983477
2.587208
1.900808
1.083405
5.398037
4.020785
0.092546
0.053442
0.944696
3.327295
8.728551
0.326019
1.803448
0.958947
7.007417
3.691826
3.644380
1.264831
1.071670
0.638778
0.116054
4.000852
3.352235
16.344891
11.389747
1.621303
2.930566
5.792343
3.789544
0.568305
1.197654
0.276593
6.160448
1.863695
0.519207
2.227659
1.925341
0.886841
0.241078
2.226883
1.469221
2.959614
1.468620
3.823540
1.605508
1.646229
4.185517
1.033295
0.287776
0.058410
2.814115
1.936798
2.435331
0.478963
0.293225
0.029303
0.863375
1.782795
0.995964
1.150639
4.690123
0.856205
1.443050
3.061743
1.010160
1.946181
3.966281
5.972381
0.318164
5.223326
1.355006
0.597471
1.229174
7.827306
1.356983
0.797232
2.006973
0.549257
0.157791
0.275950
0.274037
0.329520
0.298920
2.048168
0.401493
0.848279
4.541948
1.284762
2.202578
0.378257
0.427102
0.083454
0.370095
0.653096
0.389624
0.185772
0.257112
1.235259
0.462184
0.905962
1.400010
2.344915
0.080211
3.212988
1.977187
0.170591
4.136269
5.073387
0.126046
0.648354
3.281870
2.758714
0.407959
0.469798
0.925570
1.325325
1.926004
0.920625
1.241782
2.752458
0.074746
0.581873
2.498984
4.511534
1.433558
1.519059
0.226723
1.186286
1.521214
0.555386
0.627349
0.947330
0.040551
0.777450
0.475114
0.793498
0.255126
4.424160
1.800798
2.273266
3.113418
1.380073
0.181864
1.540517
1.767846
2.736433
1.130069
0.272969
0.667524
0.902230
2.076449
1.691563
0.880414
8.612392
1.861666
0.541589
0.214686
0.331777
0.564614
0.350330
0.412983
0.671212
0.380805
4.541503
0.167271
1.486825
1.056611
8.077284
0.237655
1.014516
6.978119
4.012488
3.397326
0.596550
0.374799
2.209119
5.300770
1.627301
1.695455
0.656950
2.934948
0.414156
0.782176
1.108289
1.416970
0.555225
0.243967
1.886399
0.681127
1.740906
0.335330
1.312243
1.521094
0.106429
0.820767
0.288699
0.130945
9.202403
0.778260
3.320141
0.587778
2.288283
2.856132
1.810893
1.275713
1.061516
0.858087
5.305112
3.551214
6.706353
0.265457
2.625103
5.572255
0.399912
0.137621
2.702786
1.708854
3.688154
0.301116
3.172100
0.450360
0.357430
0.358889
3.370207
2.188427
1.480752
0.888923
4.194405
0.996625
3.392165
1.156550
0.946239
1.242322
0.717291
2.753555
1.397206
0.528485
4.596680
0.968663
1.568565
4.738991
1.957599
0.248629
5.621233
1.976154
0.815653
0.299954
3.160003
1.935551
1.524828
4.486607
3.107980
0.328983
0.747125
0.571339
2.724736
0.068215
1.687427
2.874827
4.187335
0.837349
3.443616
0.234488
3.747488
0.272759
1.012629
3.192011
0.324844
0.520786
2.562086
2.546192
2.049688
2.368003
1.564938
0.580167
0.848366
0.400803
4.781752
1.751218
1.024491
1.239815
5.885647
0.332939
1.764889
1.409989
1.890689
0.036552
4.113387
5.379977
1.665431
2.385741
5.114939
2.456795
0.331021
1.717404
1.866442
1.103749
2.666981
5.447354
5.195752
1.198729
0.240357
8.378348
3.651436
0.266292
5.072616
4.078848
1.463103
1.789428
1.018330
0.112636
0.816530
3.247616
0.009286
0.811428
1.015556
1.541766
5.047851
0.850354
0.852213
2.675018
1.203756
0.508765
1.204565
0.303640
0.388109
1.379776
1.085752
4.926585
0.900069
1.737805
2.000782
0.026362
2.178536
0.392117
6.491997
0.321894
1.071002
0.178427
11.536163
1.395094
1.809639
0.138864
2.772273
0.471206
4.566630
0.459178
0.423141
0.074469
1.277572
1.664088
0.135934
2.988005
1.207669
1.486315
1.162363
1.024196
1.640327
0.337406
0.401610
3.957899
5.841823
0.934604
0.631463
2.065647
1.050979
0.051428
0.339567
2.517367
2.151300
0.054940
0.501986
0.525523
2.228829
0.039815
0.219872
3.218037
0.393355
2.115398
0.544097
0.209480
0.557239
2.562190
3.871673
3.546502
1.012285
2.205754
0.458787
0.693867
4.533197
0.026174
0.178774
0.466101
0.053781
0.400406
1.749537
1.094373
4.463726
3.401392
0.836546
0.600653
0.955080
1.784636
0.624123
1.957124
1.053272
1.606135
1.145851
0.697600
5.930534
2.884509
0.301909
4.057010
1.336641
4.499079
3.217429
1.107513
0.045451
0.625801
1.560176
2.007395
0.596509
0.300149
3.602774
8.321248
1.491789
0.376710
0.635753
0.037124
4.913777
0.250562
1.718481
0.640563
1.615671
2.107777
3.540878
0.462405
0.022113
0.294416
4.605543
4.141203
1.819689
1.835167
2.187468
0.385644
4.916419
1.085219
0.966222
1.463434
0.096209
0.363723
2.679078
0.172857
1.848404
0.563000
0.986285
0.681304
0.879097
2.539128
0.705143
1.671287
1.292720
2.179332
5.523843
2.637811
0.483991
0.063359
0.608339
1.808121
0.105591
1.371812
1.816858
0.813664
2.947300
0.225438
0.156221
2.605295
1.368340
2.332085
1.141248
0.565793
3.419647
3.213043
2.372898
0.635307
1.784322
0.895620
0.192101
4.985400
0.294261
6.000981
1.181202
0.409461
1.561340
4.126284
2.635216
3.285588
2.150475
2.357108
3.783544
0.574479
1.344435
0.500026
8.791117
5.766928
0.080450
2.445463
5.187167
0.398306
1.678406
4.941731
0.069071
2.390821
0.705790
5.164497
7.084940
5.774347
1.285723
3.961621
3.722855
0.768681
3.531195
0.075420
1.814017
0.522752
0.256956
0.160151
2.383356
0.830652
2.580273
0.135180
0.757521
1.550847
3.128195
0.767659
1.966418
4.342723
1.913513
0.530431
0.049407
4.081963
0.042998
4.154116
1.505527
5.595984
3.206745
12.364389
0.863757
2.915051
1.028098
1.307375
1.975066
4.137828
8.280794
2.924394
1.081768
1.094139
2.675636
0.545658
0.234133
0.875839
0.677218
0.702829
0.532122
0.086010
0.036071
8.799956
1.116439
0.970077
2.276665
0.492451
5.989913
3.086786
0.187327
1.081130
4.225886
5.791123
1.259975
1.900788
0.365525
9.458889
0.527076
5.720019
2.097626
1.871644
1.437704
0.524470
0.388452
0.498170
0.412667
3.024482
0.861951
0.119166
6.954168
4.304642
5.255309
10.560100
0.382067
1.009164
2.839607
2.381591
0.334226
3.383826
0.508341
0.506736
1.539946
1.797589
1.735412
0.191892
4.198650
0.617403
0.277409
4.391916
6.231353
3.962854
3.316375
2.129825
1.600830
0.182010
1.050029
0.932624
0.601545
2.570511
1.369865
0.169039
0.497393
2.299340
0.158370
3.810397
1.366974
1.310110
1.794976
3.482296
0.854836
2.266508
1.668187
0.621296
4.217823
3.193300
2.148533
3.802011
4.039241
2.464491
3.628174
2.391159
2.279749
1.927873
2.794441
0.345388
4.255093
4.109007
0.059367
3.495295
0.275928
0.816294
2.721318
0.350517
3.407135
3.569181
1.416391
0.012813
0.676655
1.919059
7.946327
1.998331
0.601679
2.010275
1.552994
3.026850
0.226294
2.862817
1.558572
6.593243
0.836712
2.002727
5.377322
0.216306
5.536508
2.328772
0.140495
0.716105
2.463182
0.139452
1.745363
0.848938
1.939992
0.093642
4.104226
7.260389
6.939671
2.769805
0.278722
2.839811
0.049788
0.044744
0.781972
1.341375
2.942898
2.299571
1.180830
0.639382
11.703058
1.110884
1.200724
0.357354
3.167633
2.366264
0.498897
0.171946
2.281992
2.125590
0.638372
6.026309
0.327529
1.132447
5.751137
1.088514
2.035130
1.013649
0.641003
8.267541
1.053009
4.490505
0.522612
0.479320
0.063258
2.109192
0.919398
3.995476
1.281906
6.896165
0.410424
4.059371
2.997555
2.947384
3.725865
2.862784
1.968178
0.281388
0.066134
5.072767
1.917615
3.184545
1.313717
0.249558
0.267487
2.313958
1.125311
0.447599
1.352952
0.132726
1.744411
0.626666
3.194615
0.743177
1.214747
0.023377
0.150410
0.996785
1.307618
1.832684
0.689669
2.374768
3.933975
3.026901
0.080850
1.309804
0.221707
0.554263
8.634365
0.307458
1.381852
1.925485
2.424447
1.640365
0.019638
0.790420
1.458426
0.183938
0.863496
0.067534
0.163675
1.011422
0.284777
1.676535
2.338917
3.224751
0.446663
0.366602
0.220898
2.023568
2.451590
0.064191
5.504388
0.106741
1.558702
2.469280
4.095407
2.504135
3.236232
0.829365
3.372909
0.167013
4.504101
1.586343
3.399795
1.204122
2.063278
1.494796
2.630476
0.170310
0.124500
0.567654
0.347623
4.108071
0.494908
7.448206
0.821646
0.402074
3.118426
2.150032
1.379090
1.620997
2.540238
0.518720
11.217262
7.361280
2.101506
0.445144
2.280296
0.149875
0.062264
0.595958
1.242111
4.054040
2.597806
2.715076
1.108487
0.849097
0.927371
8.788128
0.081871
4.035286
1.728703
1.154698
2.583843
1.333669
4.133813
4.619257
1.095397
0.648216
1.794694
4.869112
0.473122
1.950843
1.996956
2.641860
0.282131
2.516330
4.794506
0.396129
0.542419
7.108354
0.399286
3.853580
1.355642
0.567994
4.092012
1.178675
1.446460
0.890180
1.797643
0.357115
0.992142
6.974316
0.597172
2.138515
0.786648
2.969783
0.280534
7.001221
1.209502
0.538507
0.152675
0.372076
1.466997
0.821970
3.530820
1.127354
0.571938
1.920198
2.453645
0.365544
0.366931
0.074721
2.666660
2.180125
1.287308
3.717985
3.276397
1.760662
4.054021
0.460944
0.237386
0.628736
0.117562
1.515028
5.516762
0.080277
0.260468
1.203686
5.432417
0.760051
1.415445
0.084923
0.321143
8.629502
6.711609
0.009904
6.065282
2.038419
4.048669
1.212985
1.449672
1.342171
2.198410
0.300835
0.060864
0.736136
2.439397
0.450926
2.238237
7.007261
0.197213
2.233158
1.173076
4.052063
0.389962
2.359380
3.641742
5.786865
2.299272
1.375025
1.923870
4.063666
1.690778
0.061717
5.345811
2.339315
2.257195
0.485864
2.151074
1.001303
2.106702
0.225426
2.144985
14.883446
0.098826
7.559726
1.044811
4.092067
3.050060
1.674110
2.682254
4.215938
1.035500
0.792118
2.202793
3.298916
2.873367
3.197131
1.143925
3.405676
0.256142
1.572671
0.011551
0.784858
0.912869
1.008934
2.377953
0.983871
1.190929
0.542421
0.934421
0.515650
0.152026
1.849899
2.206523
1.932487
1.245355
0.955381
3.980425
1.464116
1.304709
0.051953
0.834816
0.956703
1.017731
1.735822
1.525434
1.872503
2.895346
3.353141
2.532569
6.225597
0.036802
0.435760
0.015183
2.085266
4.566164
0.558059
5.235538
0.124320
5.449458
0.866565
0.213881
1.330565
0.593517
0.670590
0.734288
3.249366
1.549414
0.745921
1.884930
2.518623
0.636623
1.067333
0.259958
0.399707
2.285867
0.400413
1.489569
2.469182
0.226062
1.675478
0.592942
6.589726
1.321537
3.279717
1.598022
0.088766
2.005612
6.048401
1.840657
3.420604
4.311893
0.517748
0.476628
1.888254
1.058755
3.663430
4.605633
0.872121
0.540655
3.033039
0.642632
3.458858
1.102387
2.202531
0.200824
1.955584
1.202112
1.766720
0.367880
2.670243
3.972589
0.488581
0.201220
0.047845
2.054285
1.868370
1.582391
0.527793
0.991565
1.805152
1.373403
8.810266
0.293383
2.375835
1.036099
1.117931
2.528846
2.358145
9.478774
0.274836
0.219875
2.577166
1.727335
0.640853
0.165501
0.179102
4.492237
0.426058
0.781266
0.514064
0.876998
0.143903
1.464025
0.140014
3.222444
0.532395
1.553109
4.241846
2.104664
1.522671
0.784112
0.809936
2.214218
10.278993
2.168467
1.631911
2.623491
1.251746
0.124054
1.652429
6.322407
0.385478
2.342398
0.448623
1.534999
0.203349
1.197023
2.822513
0.854108
2.186723
3.173885
5.239469
0.534823
1.019372
0.330731
9.781310
5.234618
1.552871
3.690742
1.471934
1.954130
0.186698
2.815203
0.273275
3.498177
3.046778
2.467110
0.073661
0.722308
0.610640
0.893001
0.183447
5.527903
1.613986
0.729196
1.011615
1.185527
1.835555
1.450017
5.036314
1.374185
9.696527
3.813330
0.467677
5.335599
0.247426
3.401459
0.958083
4.207048
4.050766
3.279025
3.121585
0.726764
0.168763
1.031610
0.381170
2.374566
0.849601
7.427181
2.048710
3.457350
0.284336
3.961213
5.121603
1.335200
1.864093
2.894721
0.384353
1.396585
1.017200
0.316524
0.916259
0.141215
0.052302
0.290436
6.599907
1.594926
6.752356
1.133022
0.747398
1.411014
1.157894
0.223349
2.047898
0.486790
1.933001
2.100794
0.329808
0.126624
3.035191
1.231633
0.119848
10.543864
0.119034
2.375118
8.230596
0.546717
0.306884
0.258817
0.722729
0.213046
2.356359
0.128633
1.424343
11.425760
3.363698
1.910164
0.731298
1.955778
1.497495
1.110542
0.280158
4.353742
1.194891
0.432888
0.916970
1.069314
3.515156
2.645621
2.933317
0.022185
1.076236
1.313029
0.038758
0.601705
2.856649
0.294935
1.532770
0.484658
0.024390
0.552038
7.448910
3.234306
6.416695
1.338291
0.232475
1.587967
1.211655
3.720382
0.206465
1.339803
0.325152
0.785125
2.673920
1.292596
0.942852
1.003323
1.230324
3.074388
4.452817
6.217116
3.092019
0.757861
2.330368
1.151095
0.587858
3.676087
0.078368
4.640724
1.237852
2.027815
2.153822
4.509834
2.024886
1.903492
0.137954
1.461316
0.325436
2.674504
1.435789
2.280293
0.085132
0.177208
2.519841
0.149629
0.147846
0.024365
6.270053
2.675072
0.871595
0.703476
0.860653
2.980232
2.165698
0.409614
0.382586
0.207159
2.159401
2.891008
0.615896
0.042335
0.171490
6.875310
0.700377
2.932608
1.959865
0.962338
0.460556
0.258820
1.909091
2.980057
2.065111
1.511331
0.085713
6.914823
3.206059
0.692946
7.821081
1.842012
1.746571
2.757233
3.340179
2.137012
0.274151
0.825788
5.264503
0.508793
0.930962
1.131538
1.157513
1.898349
5.732071
0.550697
0.259082
0.439973
4.359406
2.075848
0.673484
3.385062
3.951893
3.748296
5.024799
0.581349
2.813336
1.234371
3.690302
2.607518
2.996218
2.135168
0.390640
1.575034
8.355853
5.541599
0.088267
0.360204
0.282502
2.589108
3.405140
0.480354
1.409843
3.673970
2.639527
1.562808
1.784893
1.420019
0.706358
1.664920
2.335187
4.132228
2.022804
2.863601
0.348877
1.238149
0.018751
0.566527
2.592627
9.609671
0.208895
1.026639
3.219586
0.456402
1.619744
2.641547
1.914150
0.416571
0.878203
3.063027
1.615889
0.010487
2.862506
0.071900
2.738747
0.452498
6.343673
0.917544
0.791817
0.322423
0.729426
4.185471
11.217492
0.918712
1.190628
2.560779
4.346551
1.798102
0.993601
1.064173
2.378945
0.006447
1.933008
0.878539
3.161675
0.195205
1.774446
1.311598
2.056264
0.134104
1.734924
1.648721
1.644964
1.850096
2.256914
3.269399
0.628930
3.486503
1.379329
0.160378
0.120670
0.813647
3.073276
2.459819
3.108148
1.456592
1.160348
0.319053
0.795568
1.138391
0.185548
0.498492
1.823728
2.661062
12.810946
5.409511
2.057605
1.093763
2.022178
3.080305
0.251889
1.054943
3.662693
0.968474
1.696667
1.772345
0.407849
0.899572
0.814467
0.053092
0.048978
3.563979
0.637852
1.459949
0.709712
5.649592
0.600310
1.123034
4.122893
3.689480
0.411839
3.245485
1.225668
1.319304
0.286540
0.168071
2.603460
1.372189
1.148421
2.615027
2.900709
0.346109
1.884372
0.290870
2.783620
2.139788
6.275266
0.142902
0.117494
0.663093
0.606825
0.567324
4.734345
0.574154
0.634770
2.849225
1.194728
2.998573
0.135201
1.337187
0.068383
0.129404
4.738250
0.299892
1.520373
1.058983
0.853408
4.601840
0.044130
2.180037
6.615110
1.642726
5.523613
0.107346
1.085298
0.602637
2.624757
7.958152
0.592854
2.123643
0.441537
1.666337
1.246990
7.151482
1.875679
0.860048
0.242293
0.327974
0.510603
0.577944
3.802471
1.647527
1.482117
0.243813
3.934222
2.566135
0.140133
2.460874
1.568501
0.170517
1.226088
1.325998
0.362503
5.826394
3.793912
2.211409
1.240892
1.061259
2.105215
1.576815
0.128593
1.436941
3.283960
1.229559
0.106710
3.086160
0.449699
0.598486
0.359944
0.801597
2.827343
1.465381
0.458528
4.204685
4.233570
4.089360
0.545708
1.200186
8.398031
2.956929
0.055087
0.134855
1.246986
4.798637
1.547421
1.377563
0.222922
2.138768
3.453103
0.957427
2.988756
6.675130
0.455725
1.481860
0.676935
3.148667
1.723574
2.013429
3.198125
1.008264
4.932328
1.522976
0.343843
2.380792
3.152600
0.761823
3.892330
4.731971
0.648428
8.211394
0.303301
0.451333
0.407233
4.488438
2.124325
0.329995
1.160792
1.910573
0.174308
4.281211
3.255240
1.407231
6.830184
1.081748
8.284171
2.204759
2.013915
0.362936
4.272917
1.115449
0.354031
0.025375
1.640851
1.499010
2.541320
4.419247
0.165474
2.629783
0.415062
3.906352
3.419218
1.556512
2.477424
0.754776
1.274169
3.447868
1.229653
0.885706
1.363277
3.523422
0.816562
0.381744
2.489687
3.497150
0.212138
0.548542
0.306237
0.855242
1.196951
2.763221
2.106213
1.940061
0.868887
3.683340
1.274620
7.736485
2.011021
0.269956
2.255120
0.786393
2.318810
0.144370
0.384456
3.872238
0.515417
3.628515
0.654998
2.059378
2.369325
1.437565
0.728581
0.478151
0.067505
0.724657
2.117799
5.571099
4.099059
2.905422
3.106563
2.187159
0.602986
4.754510
2.221768
1.643965
0.235292
1.184995
1.233700
3.998506
1.582174
0.957364
7.527234
0.234688
1.098261
0.085867
2.693410
5.003940
0.657112
3.908675
0.691239
4.833080
2.804538
3.268556
0.036341
6.583450
2.594158
0.726971
3.536805
0.661238
4.123264
0.238875
2.432671
1.556097
0.203035
0.553864
0.024963
1.265113
0.716968
1.824386
0.705473
0.713119
2.718862
0.098681
4.663925
3.824655
2.204064
1.798973
4.456858
0.409945
0.164524
0.547585
3.165380
0.070571
1.748412
10.779776
3.871667
1.473971
0.131512
3.560138
1.827481
0.244184
0.197117
4.807615
2.212484
3.535541
4.223581
1.696201
1.457326
1.125738
0.762364
1.140429
2.973376
1.842222
4.460962
1.171745
1.868347
1.995585
1.791492
2.425582
0.542131
1.436371
0.220132
0.970677
1.337561
2.112395
6.012820
1.835839
2.721986
1.411517
2.010812
0.147147
0.587109
0.898374
1.279188
0.093447
0.301702
0.648179
7.117998
0.804980
1.315719
0.436555
1.887221
0.658907
0.463845
1.453708
0.011042
0.015387
0.494536
0.074825
0.228636
0.827581
3.244901
1.697491
1.437618
0.694833
5.369265
1.011726
0.182242
1.919788
0.241712
0.846922
1.416164
4.146482
1.360646
2.423061
9.872031
0.281950
0.642427
1.003653
1.095768
1.058730
4.763495
2.503755
1.872503
0.740310
3.472162
6.204877
3.442956
0.003133
2.023409
0.104978
0.595754
0.122740
1.851649
2.320486
0.243178
0.968494
1.218482
0.921067
0.257998
1.085829
2.782035
0.147310
0.167155
0.876301
5.685189
2.208693
2.270573
0.898583
1.801134
0.020366
2.021731
4.890302
1.896458
4.138168
2.574514
0.256936
4.654848
0.137508
1.527000
0.306622
0.023551
1.096481
0.699230
1.331066
1.721712
0.089449
0.262504
1.635800
0.840652
2.612554
2.112782
3.736474
2.358514
1.123996
2.235386
0.644219
0.731470
3.111654
1.182696
3.202744
3.456695
3.897702
4.969059
1.127698
0.767995
1.745499
0.927796
1.837960
2.445536
2.332102
0.938577
0.365108
1.126096
0.307688
4.416315
0.848921
0.335559
0.051554
2.075914
2.026167
0.832863
0.148826
1.054008
0.745659
2.260953
1.861688
0.906981
0.491526
8.851701
1.210279
2.331263
0.302932
1.329468
0.055846
1.408235
6.649440
0.969688
0.079553
0.062890
0.982003
0.348766
0.047258
2.822926
1.226909
0.682854
4.606835
0.246911
6.243445
0.753658
4.385734
1.847350
3.505547
8.271979
0.680494
6.495347
0.986895
0.973931
0.832204
1.559187
0.334815
1.613579
1.560484
2.870144
3.587322
1.161214
0.720027
0.600413
0.432892
0.118752
0.838463
0.630100
6.787494
1.631574
0.853205
1.737229
0.299779
1.174131
1.968252
1.342372
1.027589
10.182083
4.245780
1.953175
1.685046
1.938647
0.449570
1.005509
0.080518
1.290795
1.566251
0.516893
6.650076
4.803808
2.561299
1.524509
4.079967
0.280024
3.126157
0.266653
3.161805
0.645286
4.192615
5.766311
0.322207
1.242307
7.925304
1.321002
3.983558
1.777018
0.941063
0.673138
0.454361
2.869274
0.977282
1.431913
1.355829
1.722086
4.013530
7.899382
1.047093
3.514935
2.892325
1.704422
6.249275
0.447474
0.231415
3.847776
1.156603
3.754228
4.471540
0.128987
4.299123
1.189571
1.428466
1.970170
5.217748
0.038602
1.295749
2.327723
2.565361
2.358771
0.288746
0.711624
0.888564
3.263748
0.653566
0.473230
6.314058
0.017806
12.257646
2.259100
3.525986
0.698036
0.028837
2.677826
3.593278
2.697813
0.308285
2.800202
2.930007
2.149052
2.905859
3.740585
1.901786
0.185557
1.337408
0.161660
1.046954
1.045481
0.136579
0.857940
0.235312
3.302971
5.901060
0.150129
6.207312
1.478703
0.712109
0.159953
1.388793
3.164770
2.455756
0.103062
0.151392
1.031252
0.699939
0.528932
0.659800
3.254010
5.296585
1.038733
4.731284
0.775729
1.294196
0.512442
2.045949
7.724668
1.850124
0.885755
2.087211
0.262316
4.390317
1.398668
1.193311
1.763126
1.960506
0.148964
2.295293
0.553964
2.503196
3.457961
3.258858
1.608162
1.468646
0.308345
2.986389
0.633287
1.373120
0.668916
0.287344
1.986115
0.111728
2.761780
0.764240
0.000269
1.431314
0.095970
0.646396
2.455005
0.129482
3.656911
0.007654
0.566912
2.701114
0.760385
0.214931
0.893305
0.630499
3.699352
0.751855
3.111154
4.448882
1.137677
4.814628
0.947439
6.652834
0.187060
2.323227
1.361702
0.980899
2.003217
2.433826
0.008746
0.365331
2.496867
2.195538
6.765586
2.862900
6.022614
2.424954
0.707792
0.222679
3.044905
2.066488
0.098771
0.892732
6.283821
1.387900
1.133837
1.223870
0.468618
0.919971
0.923478
0.107551
2.918312
1.077437
3.453966
3.798885
0.476499
2.142112
1.278386
4.243141
0.486031
2.265248
1.871723
0.699970
0.293756
2.109036
2.683388
0.758505
2.070332
1.005486
2.497988
0.444326
4.418463
0.677697
0.917055
0.119695
0.236469
1.450770
0.622837
3.609449
0.029605
0.953151
0.823003
0.039034
0.265620
1.067652
1.357954
1.036002
1.514039
1.808387
0.019947
1.247597
6.620844
1.463910
2.263566
0.747537
2.974364
2.964919
1.473346
7.460555
0.268321
0.034186
2.940728
3.291743
0.256138
0.617356
0.035416
0.694322
2.966861
1.459459
0.855715
0.929600
0.002709
0.712780
2.079510
7.314331
3.755430
0.047756
4.576587
3.057545
3.031678
1.224963
1.015013
0.721698
0.135904
0.518151
0.566328
1.323596
2.752248
1.284185
0.119170
6.330187
5.719758
3.075998
9.495289
1.572642
6.581192
0.157232
0.910406
0.510769
0.435897
0.303514
1.947912
3.040309
1.726915
0.317904
3.333327
2.020954
0.982588
2.242515
0.601953
0.846827
4.989571
0.686402
1.269712
4.417118
2.460095
0.128444
0.318702
0.015745
1.993493
1.187232
0.288376
6.337037
1.508598
0.553862
1.388710
2.276497
0.158604
0.642350
3.289773
1.231131
1.581860
1.134143
0.089785
0.362444
1.179527
0.469384
0.102542
3.711312
7.947002
3.151454
3.845353
0.554083
6.469349
0.438616
6.049491
10.525628
2.487666
7.941820
1.685801
0.600972
1.148937
1.800643
0.151779
1.947539
7.945440
0.421708
3.146165
4.769734
5.754178
6.444543
1.474029
7.571478
2.831942
0.352690
1.295966
2.534047
0.568284
2.046723
2.196827
0.355145
1.665211
2.953549
1.381882
0.024354
0.018159
0.883312
5.212632
0.519296
2.012232
0.502253
0.776243
3.768303
2.610251
0.200523
1.119689
0.059207
1.311280
2.171989
0.252267
0.681842
1.014453
5.039767
9.997912
0.091902
2.862650
0.929552
0.996669
2.807003
5.012500
6.028958
1.721346
0.883598
3.098089
0.578036
1.660566
0.888137
2.137900
0.549924
0.425379
5.007912
0.214733
1.410269
0.499111
0.079416
0.073367
0.385281
4.031362
0.663905
6.009916
1.742741
1.147581
1.735424
1.454229
2.844061
0.663954
0.870974
4.490412
5.854522
4.461612
1.087552
3.031581
1.293809
1.376478
0.458022
1.788718
0.411924
0.805631
3.862460
0.464055
0.147634
0.143008
5.653145
1.414169
1.053273
3.330732
3.613656
0.807506
2.365846
2.949139
2.126398
0.328795
4.173063
1.549125
0.663888
1.107564
0.076590
0.273626
2.900998
0.000023
1.077647
1.478425
0.112367
7.229635
0.512691
0.725382
0.724646
0.523812
0.002950
2.613819
6.813154
0.507962
2.175625
2.708788
3.773354
1.098541
0.721741
0.786960
2.493909
3.394130
0.400842
0.927060
4.644355
3.286957
8.380619
2.806867
0.999096
1.786310
2.163594
0.163409
1.572706
2.471070
0.366215
3.034007
1.753048
6.082371
0.086697
0.616657
1.840366
0.703545
2.506495
2.845961
0.216320
1.442494
1.422177
0.921789
5.403884
3.514789
2.389427
2.505812
1.238738
5.076476
2.372236
2.611133
3.956529
0.640608
3.290865
0.434424
0.847284
0.817773
7.681775
3.883359
2.415760
2.596983
1.651405
5.878351
1.371385
0.957742
0.355947
3.085481
2.651859
0.970170
0.051032
3.652669
0.022967
2.432764
7.030330
1.151302
0.535689
2.440686
3.397939
1.581213
6.824634
0.106103
1.405569
2.534918
3.970307
0.395087
3.218911
1.609083
1.010196
0.282471
4.009347
0.342225
0.741513
0.685109
4.102315
2.233774
3.185962
0.576612
1.960987
1.696078
3.577493
4.730774
0.024463
2.241838
0.106455
1.591949
0.678323
0.732806
0.870690
1.941982
0.813081
2.638760
1.036800
0.141603
3.062731
0.673068
1.133970
2.313186
0.808300
0.116499
0.936558
5.780892
2.052961
2.226310
2.000879
0.443769
1.083717
2.780121
0.213774
0.651052
0.646809
1.131334
7.861264
0.139778
1.462533
0.395353
7.058735
0.240505
1.033691
2.677944
2.438541
1.098886
0.850899
1.013708
0.613801
0.459664
1.319578
0.625408
0.677843
2.138628
6.917907
1.850851
0.160208
0.157185
6.049219
0.705624
0.193169
1.827810
1.954465
2.091119
0.622316
0.030452
6.705693
0.577747
2.254186
2.452640
1.883255
0.750572
0.632427
1.820957
4.021259
5.864904
0.223888
0.336432
5.791277
2.667671
4.291057
0.452880
1.771455
2.415557
2.279568
1.049010
0.031029
1.748984
0.583652
1.196599
6.320319
1.018438
3.662685
0.417842
2.232293
7.545127
0.214932
0.016709
1.136849
0.194400
2.759705
4.919616
1.138397
0.598731
1.139748
2.570712
0.018191
1.780535
1.900169
2.030500
0.554202
2.503896
0.191682
0.444464
4.198800
2.684349
0.027682
0.571039
0.482632
0.631632
0.568867
0.129133
1.228452
2.639018
1.866527
2.234805
0.169263
6.052000
3.646399
3.270438
3.463028
5.397502
1.571639
0.446992
1.918311
2.716436
2.678191
1.473985
0.141830
0.927607
5.070715
1.756299
1.545818
0.626283
0.919153
4.514193
2.196003
3.096564
1.211538
1.989841
0.571058
2.444687
1.115839
1.168749
2.095776
5.506533
0.132293
3.483006
0.691705
1.173684
0.044314
0.716341
1.396847
0.115631
1.350991
5.237625
0.222742
2.891585
1.054151
2.129429
0.602850
0.347498
0.349809
0.146200
0.410722
2.182595
4.268904
3.365369
2.311218
0.234038
0.682693
0.741568
0.575249
1.447236
1.533819
0.882866
0.873259
3.526993
3.114572
0.735749
4.901902
6.107359
0.791255
0.875228
1.408959
5.664535
4.180106
0.216436
0.997566
1.612055
1.398864
0.431003
3.915393
2.259839
3.639187
3.914650
2.759479
1.156820
1.886023
0.349577
2.239542
0.395081
2.368011
0.521686
0.250109
0.361329
0.003988
2.536949
2.636532
1.446938
0.351954
0.174505
0.038629
0.362440
4.430166
0.552922
0.874752
0.222635
0.502987
1.464710
1.871725
0.563009
0.118931
0.991982
0.533677
0.495779
6.430904
1.915791
1.627822
1.074939
1.120537
1.556996
2.384285
2.422304
0.376745
1.386745
1.061914
4.088565
1.996189
1.520729
0.245227
1.860971
0.249322
0.822584
0.308266
2.355789
0.461979
0.994698
4.520484
0.457107
1.417761
1.086944
0.036581
3.147737
0.143091
1.285878
1.645047
1.980017
2.333557
0.584110
0.020058
2.570681
1.534262
3.617214
3.445083
3.707178
1.327544
0.811816
3.136191
1.200385
0.405315
3.861685
4.283653
1.255879
0.157437
0.981478
3.254569
4.640969
0.454988
0.138644
4.196848
0.986643
1.560729
6.888156
0.137767
2.090056
0.153990
0.941508
3.257390
1.136458
11.743707
1.637690
0.774746
0.497208
0.863168
0.932129
0.142377
0.922720
1.248132
2.565583
2.138473
2.467254
0.016798
0.490951
2.167552
1.323256
0.010655
3.264335
2.963933
1.590002
0.137550
2.909275
1.752764
3.046153
2.786614
3.249124
1.459656
0.302401
2.224353
1.937663
2.711555
0.372372
0.433764
4.422009
2.772411
4.776907
2.843556
1.818408
2.123400
4.398756
1.729327
2.001473
0.340336
1.284609
2.520361
0.632006
0.451931
0.753250
0.552827
0.483921
1.106252
4.768426
1.414734
0.416314
0.160191
2.382483
0.965120
3.450045
2.154744
3.181639
0.634760
2.357643
0.613219
5.596009
2.023260
0.784639
0.628085
0.423731
2.372534
0.493632
1.809235
0.614777
2.169235
3.374147
3.010383
2.861340
0.415826
0.185075
2.400950
0.918831
1.132487
0.063289
0.601066
0.068513
4.227002
0.557832
1.629894
0.079519
2.198309
0.780249
4.563981
4.380624
0.786946
4.624481
11.123354
3.490695
3.727001
0.572723
1.719360
0.139249
0.199459
13.611502
0.790948
2.758113
3.286662
3.904184
12.088294
0.552816
0.082375
1.059309
0.278710
0.045362
0.893908
3.062532
1.670254
0.750196
2.124611
0.527978
0.028972
2.890844
1.954966
2.873514
0.079433
3.629479
1.932676
1.657454
1.959601
3.996582
1.768308
1.739532
9.351004
2.827168
1.167846
2.457877
0.986071
0.519811
1.816902
5.267243
5.294085
0.836813
1.500186
0.475590
10.866492
7.939083
2.096840
3.263511
2.511235
1.798662
0.109647
1.213074
2.246546
2.263500
0.934009
5.684031
0.366301
1.387733
2.348077
2.388942
2.091882
0.643962
0.339695
2.020875
1.829095
0.395332
2.442503
1.214570
2.203799
3.632519
0.372005
0.038661
3.020114
1.881666
2.405544
3.642232
3.247185
6.484296
1.535462
1.340798
1.027952
0.333742
1.700104
0.648727
5.084415
1.750253
1.797099
0.876776
0.106779
0.064517
1.100988
0.176713
1.867113
4.256810
4.289707
2.152012
0.474566
3.975502
4.344754
0.437939
2.674445
0.675200
3.245455
11.783528
0.060972
4.553169
1.949061
7.252382
1.251013
3.759712
0.128851
0.816776
0.138736
7.405400
3.396253
3.828497
5.560121
0.177889
0.974210
0.147368
0.473454
0.521083
1.266390
0.625486
0.212896
0.366623
0.318638
7.229534
2.848346
6.869186
1.158710
0.652481
3.201880
0.789804
0.711589
0.529249
0.277786
0.592674
0.878002
2.241680
0.129215
0.472728
3.311211
0.317808
0.839063
3.999914
0.336661
0.172722
1.325383
0.720275
1.657514
3.257291
0.295025
1.738333
1.408452
0.311154
1.956324
0.639420
1.338214
0.171709
1.230832
0.731903
3.456231
0.117333
1.084658
1.226571
2.582013
1.707982
2.200501
3.001609
3.963947
0.753392
1.544479
3.666514
9.103473
4.405829
0.928734
0.434240
1.344308
2.706814
1.356789
1.320125
3.643165
0.896966
3.929295
1.044464
0.795688
1.210236
2.874729
0.269354
0.437355
6.050109
0.385936
1.677397
1.731739
1.345217
2.069840
0.522280
1.608883
0.930982
2.167451
0.304493
1.692025
0.409798
0.653242
0.493617
0.403835
3.494080
0.672926
5.237986
7.008223
1.693811
0.308637
0.938562
3.196326
0.915805
0.182077
1.627400
3.730220
3.178549
0.385042
2.234151
0.498216
0.492332
4.144086
0.574482
0.611006
0.001307
4.090761
3.146162
1.974118
2.774716
0.329864
1.226173
0.865321
0.196939
1.331572
5.070035
0.081767
0.689100
0.465229
0.544002
4.781403
1.262483
1.255841
2.859035
0.335636
1.335994
1.124186
1.817194
15.447059
2.934565
1.014550
3.515331
0.374367
0.061875
0.457439
0.832278
1.429072
1.909695
4.829397
1.426104
1.391403
0.103098
0.071071
1.602177
1.153143
3.654944
0.350325
0.050577
1.192182
0.542249
0.101775
2.579049
0.236651
1.874618
0.659926
0.381101
0.955270
3.233386
0.995469
2.778755
0.268175
2.963598
0.540820
2.262642
1.668415
5.294232
0.979833
0.136911
0.038683
3.507293
1.487768
2.985480
0.534258
0.846496
0.061133
6.513795
2.204445
5.412257
0.617121
1.890737
2.269515
0.764131
3.769187
5.881029
4.323128
2.686983
0.649978
0.661502
6.613247
0.020675
2.517914
2.450026
1.949374
9.232229
0.747582
0.830946
0.164459
1.169655
0.605046
0.841320
3.598436
5.481700
0.410934
0.932052
5.279771
0.127602
0.193816
0.355363
1.808788
0.326149
6.888818
1.183762
1.392375
0.566474
1.273383
2.168908
2.782028
2.803775
1.724984
4.694324
3.401001
2.829784
0.114423
0.013803
0.477650
2.178454
1.059329
1.029688
4.318475
4.518340
4.797647
0.753400
2.349189
0.633901
0.422948
0.408233
0.837428
1.124089
3.555112
0.255419
2.655491
1.516246
0.679201
1.357777
0.713184
1.813087
1.137771
0.359224
0.247916
1.582383
4.654023
0.843060
2.641014
2.149760
5.363447
3.440527
1.672213
2.140228
4.573157
1.020048
0.791410
0.021740
3.503744
3.228707
0.220645
1.720092
1.247174
0.252735
7.881692
0.483368
0.139202
1.806983
2.685448
0.065963
2.150090
1.519822
0.217990
0.378750
1.678540
0.702970
5.571453
3.415648
8.216953
0.601321
6.994776
1.128572
0.853946
0.103323
0.108417
2.355384
1.224717
0.513715
1.903682
0.583000
1.723755
0.890103
3.469461
3.437347
1.297688
0.864088
0.900590
3.276853
0.795528
0.469065
0.176981
1.257317
1.316070
3.676554
0.500101
0.959272
3.304751
3.470270
0.971002
1.229131
0.722760
5.392882
0.252587
5.428622
2.303181
1.516746
0.066409
1.290987
1.047646
0.351611
2.136610
7.091353
1.651935
2.508802
0.141812
1.081426
0.247408
1.897606
5.576856
2.168104
0.159825
0.875975
1.599966
1.032372
3.587251
3.371245
1.892629
0.935079
0.589645
0.223818
0.876693
1.066049
2.252931
2.146824
0.145374
1.005911
0.401245
0.341132
3.512423
0.085638
1.086639
0.368335
4.229395
1.628554
0.526319
1.396027
2.629707
6.345799
0.498067
4.346305
5.445438
4.963915
2.017988
1.987535
1.032382
2.791864
1.515559
2.262920
1.118834
2.629782
3.479908
0.316670
3.578681
1.554347
3.724354
1.128810
0.952979
4.931638
0.578485
3.718523
1.323377
1.443486
0.737693
1.702140
0.786711
0.080123
0.634905
0.012799
7.665942
6.747975
1.005567
2.606635
0.848703
2.223961
3.273927
5.865750
1.022359
3.058464
0.618298
9.277930
0.052215
1.850304
2.154715
2.329796
0.256548
5.578405
0.399790
1.949712
0.503796
0.734075
1.581337
1.079800
0.349244
0.374917
1.083067
2.831718
4.564872
0.175757
0.998795
0.211267
0.033463
2.167755
1.844866
0.355908
0.532658
0.047987
3.602980
7.353159
0.291114
0.526565
4.056121
5.219955
1.088170
0.103897
0.080377
1.706397
0.998107
0.058142
1.750549
0.022734
3.096422
0.731814
0.082182
1.775174
1.013947
7.284023
1.571396
0.643827
2.471883
0.633513
4.691889
0.939118
1.596431
0.103793
1.110674
3.571915
3.276177
0.508027
0.512571
3.399878
5.329936
0.200438
1.195887
0.823331
4.091061
0.174441
0.474297
2.792434
0.105312
1.356657
1.167176
0.814136
1.003640
1.509792
0.351965
1.697245
3.273951
2.855574
0.334235
0.323273
0.624426
0.895936
1.050037
2.276977
0.116700
0.070576
0.994867
2.389126
0.429942
2.051678
0.601746
4.344625
4.520775
0.705614
0.522713
1.059691
0.550273
2.231825
3.498144
2.236154
3.478529
1.011650
0.339957
2.678447
0.894058
2.225042
0.631186
0.169438
9.807636
0.339683
8.917123
7.569013
3.157993
2.154228
1.724586
4.021347
0.683402
1.261025
1.931960
1.059305
1.115438
0.801805
1.661290
3.801915
0.450112
5.449367
2.336489
3.466301
1.624721
3.023867
0.032666
3.411682
0.081933
4.412975
9.647336
0.696471
0.472251
2.899434
0.583451
4.013310
0.217048
0.269247
7.740952
2.240728
3.753161
0.784099
2.257012
1.803996
1.848394
2.294759
1.713023
1.120951
0.645714
2.927054
0.513071
2.357613
0.531405
1.963420
2.749350
0.493628
0.123630
0.280764
1.862793
3.786872
0.092081
2.649656
0.835031
1.302201
5.286198
0.806849
1.252237
0.027554
0.170242
0.598407
0.056495
1.995953
1.111640
1.588789
0.383889
0.701761
2.180244
6.722188
0.103464
4.421550
1.720205
1.659857
1.387409
0.143839
0.188351
1.837147
0.833938
4.984299
1.043741
0.309292
2.508560
0.694449
1.490862
2.393549
4.610459
3.142274
2.256254
2.276577
5.834753
0.701454
0.002225
0.634784
0.491523
2.168440
2.008669
1.800153
0.032754
2.609636
0.781736
2.187584
1.626469
0.839324
0.289072
0.198357
3.561857
5.011792
2.098433
0.218367
1.028420
2.610824
3.026628
0.251622
0.000061
2.490542
0.881965
0.587350
0.025963
1.554360
3.809642
6.322707
1.668246
1.444993
0.177786
1.592012
0.956004
1.868580
0.984421
0.549661
0.199564
0.756435
0.203279
0.389348
8.738009
1.174347
1.518026
4.136901
10.838215
1.747969
3.347674
0.791845
0.729829
1.030684
2.232579
2.292614
0.757372
0.285917
2.001499
0.274679
1.727835
2.364567
2.412026
2.800560
4.124924
1.386130
2.620513
1.930819
0.413163
0.052051
0.669663
1.170501
1.919994
3.793698
0.436923
0.268320
6.619788
0.228678
1.302058
1.761672
1.559042
0.179920
0.117435
0.222944
1.761788
1.572038
0.532470
2.030975
3.430347
0.084936
1.378828
2.337922
0.581539
0.735677
1.901961
4.564297
3.320667
1.749963
2.620310
0.907701
2.048674
1.255399
0.421284
2.419568
1.625955
0.888271
4.845875
0.042313
0.758932
0.117126
2.909380
2.422045
0.804996
2.251944
1.008154
2.823255
1.210945
1.063008
5.458443
0.577710
0.256684
1.756753
6.968407
0.949113
0.128089
0.828927
1.410163
0.353291
2.146487
12.193107
1.202009
0.876168
1.024000
0.244666
4.295845
1.071691
0.979676
2.155798
1.166912
2.089575
0.126830
3.361045
5.643691
2.092602
6.182986
0.328411
1.297940
1.841636
1.743288
1.026530
0.825234
0.271236
0.994314
0.355052
2.651269
0.468487
0.120701
1.607559
1.808871
4.110092
1.720679
0.847709
3.249224
1.554271
0.165199
1.668733
4.772337
1.009398
0.702880
0.309731
0.328442
1.133986
1.811096
0.168102
5.612493
2.814085
1.766795
3.525629
0.167169
1.295732
1.989008
3.528128
3.060048
0.648884
5.656378
0.265568
4.161022
7.076802
0.389971
2.560744
0.082239
1.039810
1.452512
1.738076
5.495784
