# Poisson Arrival Times Generated
# Generated on: 2025-10-27 15:45:26
# Arrival time: 0_166667 seconds (avg inter-arrival time)
# QPS: 6.0000 queries per second
# Number of queries: 4322
# Random seed: 42
# Format: One delay value per line (seconds)
#
0.078212
0.501688
0.219458
0.152157
0.028271
0.028266
0.009973
0.335206
0.153181
0.205209
0.003467
0.583927
0.297739
0.039781
0.033447
0.033769
0.060459
0.123988
0.094256
0.057371
0.157729
0.025039
0.057586
0.076046
0.101489
0.256323
0.037123
0.120338
0.149584
0.007927
0.155889
0.031160
0.011211
0.495616
0.561773
0.275389
0.060548
0.017130
0.192126
0.096682
0.021692
0.113925
0.005832
0.400071
0.049910
0.181043
0.062258
0.122352
0.131871
0.034065
0.582136
0.248708
0.467517
0.375359
0.151843
0.424907
0.015443
0.036356
0.007714
0.065589
0.082022
0.052760
0.294094
0.073538
0.054967
0.130401
0.025316
0.270081
0.012913
0.722359
0.246581
0.036923
0.000923
0.281650
0.204516
0.217611
0.245870
0.012822
0.073982
0.020525
0.331422
0.162717
0.066970
0.010945
0.062082
0.065552
0.217980
0.169149
0.363709
0.106511
0.021229
0.208188
0.238399
0.137315
0.245649
0.113469
0.123280
0.092969
0.004291
0.019028
0.005322
0.168622
0.062900
0.118406
0.396878
0.047790
0.088047
0.234792
0.043301
0.013351
0.057023
0.029301
0.442493
0.275148
0.167249
0.341921
0.271329
0.034416
0.371803
0.129184
0.274559
0.377375
0.063789
0.019432
0.043115
0.092843
0.283972
0.328558
0.001163
0.119146
0.090046
0.041861
0.021280
0.068652
0.477188
0.065064
0.121909
0.202348
0.075329
0.594634
0.547003
0.048344
0.114610
0.059655
0.055875
0.006264
0.156749
0.116420
0.008809
0.054438
0.398144
0.045644
0.026089
0.112046
0.707341
0.046191
0.185860
0.238982
0.045222
0.217125
0.076421
0.166751
0.167307
0.127898
0.015772
0.300608
0.064469
0.034405
0.006938
0.148963
0.188642
0.002788
0.119605
0.042804
0.172688
0.031934
0.195702
0.081493
0.460058
0.024657
0.069522
0.020074
0.431033
0.349723
0.049721
0.179794
0.283248
0.135022
0.125713
0.046146
0.016288
0.379188
0.384463
0.167112
0.069008
0.071595
0.215745
0.379017
0.363523
0.252261
0.171219
0.014649
0.029382
0.381373
0.155416
0.001540
0.017833
0.181527
0.000846
0.029219
0.132617
0.196220
0.175907
0.042325
0.207570
0.045137
0.065606
0.228727
0.174796
0.315327
0.178636
0.140008
0.016393
0.076403
0.051360
0.046617
0.602053
0.083231
0.371010
0.166223
0.263971
0.116406
0.143360
0.113049
0.036203
0.213627
0.054930
0.004103
0.172828
0.032489
0.470181
0.512928
0.410586
0.077048
0.002596
0.439255
0.093157
0.566808
0.552290
0.319565
0.058129
0.081049
0.317455
0.063524
0.030953
0.135623
0.458550
0.198471
0.140686
0.017038
0.159089
0.768430
0.025153
0.121749
0.349769
0.225006
0.199013
0.202048
0.074249
0.057927
0.276230
0.276889
0.336326
0.407437
0.119349
0.116031
0.266826
0.174954
0.201759
0.264770
0.367888
0.068747
0.078490
0.016449
0.143903
0.006101
0.104435
0.130383
0.056272
0.148939
0.005163
0.006344
0.288226
0.074431
0.022648
0.123109
0.244942
0.040520
0.162537
0.014869
0.008844
0.126318
0.129652
0.169090
0.215827
0.620594
0.121049
0.065003
0.264276
0.052642
0.096331
0.013618
0.004280
0.547898
0.301295
0.198441
0.087643
0.031718
0.028354
0.048001
0.132799
0.208975
0.179899
0.054735
0.516352
0.223170
0.134705
0.157672
0.090673
0.047444
0.073336
0.236364
0.002416
0.020563
0.007849
0.006930
0.322368
0.202707
0.107131
0.017160
0.112753
0.106909
0.031699
0.094817
0.084723
0.159454
0.168019
0.007727
0.078231
0.163854
0.116573
0.323559
0.179163
0.029642
0.012197
0.171399
0.004478
0.146892
0.469544
0.142797
0.081884
0.171805
0.102160
0.131469
0.473022
0.081321
0.541516
0.392930
0.036316
0.011981
0.017704
0.003065
0.016534
0.191480
0.012308
0.064026
0.310588
0.003925
0.280756
0.055181
0.020958
0.198860
0.165234
0.349903
0.221383
0.271167
0.055222
0.032556
0.231460
0.274035
0.776169
0.088680
0.077541
0.249660
0.069456
0.445024
0.325807
0.093393
0.231631
0.234106
0.018140
0.388075
0.117285
0.291889
0.064289
0.376466
0.082165
0.001816
0.392985
0.015954
0.064109
0.499496
0.501326
0.142000
0.166539
0.099169
0.057837
0.066415
0.186054
0.232640
0.261366
0.259806
0.015940
0.113675
0.009880
0.132910
0.097093
0.364437
0.072032
0.020751
0.025718
0.238906
0.160485
0.017768
0.014643
0.201202
0.012591
0.287532
0.204167
0.014141
0.014776
0.719245
0.078140
0.077176
0.279263
0.490362
0.711464
0.233317
0.078670
0.014532
0.250208
0.136227
0.092006
0.394707
0.019647
0.113084
0.001903
0.105393
0.009658
0.021082
0.020838
0.174595
0.228433
0.145926
0.545788
0.078300
0.056078
0.338251
0.042180
0.550479
0.002038
0.583756
0.007353
0.369621
0.125024
0.826140
0.012777
0.134519
0.580597
0.123408
0.165438
0.198317
0.101021
0.164613
0.146305
0.385706
0.007752
0.054974
0.500667
0.368280
0.101363
0.161322
0.054146
0.034734
0.103843
0.072659
0.146041
0.013487
0.610828
0.713979
0.199644
0.128013
0.061730
0.280152
0.192389
0.029579
0.403051
0.288166
0.498624
0.215601
0.158401
0.090284
0.449837
0.335066
0.007712
0.004453
0.078725
0.277275
0.727381
0.027168
0.150288
0.079912
0.583953
0.307653
0.303699
0.105403
0.089306
0.053232
0.009671
0.333405
0.279353
1.362077
0.949147
0.135109
0.244214
0.482696
0.315796
0.047359
0.099805
0.023049
0.513372
0.155308
0.043267
0.185639
0.160445
0.073904
0.020090
0.185574
0.122435
0.246635
0.122385
0.318629
0.133793
0.137186
0.348794
0.086108
0.023981
0.004868
0.234510
0.161400
0.202945
0.039914
0.024435
0.002442
0.071948
0.148567
0.082997
0.095887
0.390844
0.071351
0.120254
0.255146
0.084180
0.162182
0.330524
0.497699
0.026514
0.435278
0.112917
0.049789
0.102431
0.652277
0.113082
0.066436
0.167248
0.045772
0.013149
0.022996
0.022836
0.027460
0.024910
0.170681
0.033458
0.070690
0.378496
0.107064
0.183549
0.031521
0.035592
0.006955
0.030841
0.054425
0.032469
0.015481
0.021426
0.102938
0.038515
0.075497
0.116668
0.195410
0.006684
0.267750
0.164766
0.014216
0.344690
0.422783
0.010504
0.054030
0.273490
0.229893
0.033997
0.039150
0.077131
0.110444
0.160501
0.076719
0.103482
0.229372
0.006229
0.048490
0.208249
0.375962
0.119463
0.126589
0.018894
0.098857
0.126768
0.046282
0.052279
0.078944
0.003379
0.064788
0.039593
0.066125
0.021261
0.368681
0.150067
0.189439
0.259452
0.115006
0.015155
0.128377
0.147321
0.228037
0.094173
0.022747
0.055627
0.075186
0.173038
0.140964
0.073368
0.717701
0.155139
0.045133
0.017891
0.027648
0.047051
0.029194
0.034415
0.055934
0.031734
0.378459
0.013939
0.123902
0.088051
0.673108
0.019805
0.084543
0.581511
0.334375
0.283111
0.049713
0.031233
0.184094
0.441732
0.135609
0.141288
0.054746
0.244579
0.034513
0.065181
0.092358
0.118081
0.046269
0.020331
0.157200
0.056761
0.145076
0.027944
0.109354
0.126758
0.008869
0.068397
0.024058
0.010912
0.766868
0.064855
0.276679
0.048982
0.190691
0.238012
0.150908
0.106310
0.088460
0.071507
0.442094
0.295935
0.558864
0.022121
0.218759
0.464355
0.033326
0.011468
0.225233
0.142405
0.307347
0.025093
0.264342
0.037530
0.029786
0.029908
0.280851
0.182369
0.123396
0.074077
0.349534
0.083052
0.282681
0.096379
0.078853
0.103527
0.059774
0.229463
0.116434
0.044041
0.383057
0.080722
0.130714
0.394917
0.163134
0.020719
0.468437
0.164680
0.067971
0.024996
0.263334
0.161296
0.127069
0.373885
0.258999
0.027415
0.062261
0.047612
0.227062
0.005685
0.140619
0.239569
0.348945
0.069779
0.286969
0.019541
0.312291
0.022730
0.084386
0.266001
0.027070
0.043399
0.213508
0.212183
0.170808
0.197334
0.130412
0.048347
0.070697
0.033400
0.398480
0.145935
0.085374
0.103318
0.490472
0.027745
0.147074
0.117499
0.157558
0.003046
0.342783
0.448332
0.138786
0.198812
0.426246
0.204733
0.027585
0.143117
0.155537
0.091979
0.222249
0.453947
0.432980
0.099894
0.020030
0.698197
0.304287
0.022191
0.422719
0.339905
0.121925
0.149119
0.084861
0.009386
0.068044
0.270635
0.000774
0.067619
0.084630
0.128481
0.420655
0.070863
0.071018
0.222919
0.100313
0.042397
0.100381
0.025303
0.032342
0.114982
0.090480
0.410550
0.075006
0.144817
0.166732
0.002197
0.181545
0.032677
0.541001
0.026825
0.089250
0.014869
0.961349
0.116258
0.150804
0.011572
0.231023
0.039267
0.380553
0.038265
0.035262
0.006206
0.106465
0.138674
0.011328
0.249001
0.100639
0.123860
0.096864
0.085350
0.136694
0.028117
0.033468
0.329826
0.486820
0.077884
0.052622
0.172138
0.087582
0.004286
0.028297
0.209781
0.179275
0.004578
0.041832
0.043794
0.185736
0.003318
0.018323
0.268170
0.032780
0.176284
0.045342
0.017457
0.046437
0.213516
0.322640
0.295542
0.084357
0.183813
0.038232
0.057822
0.377767
0.002181
0.014898
0.038842
0.004482
0.033367
0.145795
0.091198
0.371978
0.283450
0.069712
0.050054
0.079590
0.148720
0.052010
0.163094
0.087773
0.133845
0.095488
0.058133
0.494212
0.240376
0.025159
0.338085
0.111387
0.374924
0.268120
0.092293
0.003788
0.052150
0.130015
0.167283
0.049709
0.025012
0.300232
0.693439
0.124316
0.031393
0.052980
0.003094
0.409482
0.020880
0.143207
0.053380
0.134640
0.175648
0.295074
0.038534
0.001843
0.024535
0.383796
0.345101
0.151641
0.152931
0.182289
0.032137
0.409702
0.090435
0.080519
0.121953
0.008017
0.030310
0.223257
0.014405
0.154034
0.046917
0.082191
0.056775
0.073258
0.211594
0.058762
0.139274
0.107727
0.181611
0.460321
0.219818
0.040333
0.005280
0.050695
0.150677
0.008799
0.114318
0.151405
0.067805
0.245609
0.018787
0.013018
0.217108
0.114029
0.194341
0.095104
0.047149
0.284971
0.267754
0.197742
0.052942
0.148694
0.074635
0.016008
0.415451
0.024522
0.500083
0.098434
0.034122
0.130112
0.343858
0.219602
0.273800
0.179207
0.196426
0.315296
0.047873
0.112037
0.041669
0.732595
0.480578
0.006704
0.203789
0.432265
0.033192
0.139867
0.411812
0.005756
0.199235
0.058816
0.430376
0.590413
0.481197
0.107144
0.330136
0.310238
0.064057
0.294267
0.006285
0.151168
0.043563
0.021413
0.013346
0.198613
0.069221
0.215023
0.011265
0.063127
0.129238
0.260683
0.063972
0.163869
0.361894
0.159460
0.044203
0.004117
0.340164
0.003583
0.346177
0.125461
0.466333
0.267229
1.030368
0.071980
0.242921
0.085675
0.108948
0.164589
0.344820
0.690068
0.243700
0.090148
0.091178
0.222970
0.045472
0.019511
0.072987
0.056435
0.058569
0.044344
0.007167
0.003006
0.733331
0.093037
0.080840
0.189722
0.041038
0.499160
0.257233
0.015611
0.090094
0.352158
0.482595
0.104998
0.158399
0.030460
0.788242
0.043923
0.476669
0.174803
0.155971
0.119809
0.043706
0.032371
0.041514
0.034389
0.252041
0.071829
0.009931
0.579515
0.358721
0.437943
0.880010
0.031839
0.084097
0.236634
0.198466
0.027852
0.281986
0.042362
0.042228
0.128329
0.149799
0.144618
0.015991
0.349888
0.051450
0.023117
0.365994
0.519280
0.330238
0.276365
0.177486
0.133403
0.015168
0.087503
0.077719
0.050129
0.214210
0.114156
0.014087
0.041449
0.191612
0.013197
0.317534
0.113915
0.109176
0.149582
0.290192
0.071236
0.188876
0.139016
0.051775
0.351486
0.266109
0.179045
0.316835
0.336604
0.205375
0.302348
0.199264
0.189979
0.160656
0.232871
0.028782
0.354592
0.342418
0.004947
0.291275
0.022994
0.068025
0.226777
0.029210
0.283928
0.297432
0.118033
0.001068
0.056388
0.159922
0.662195
0.166528
0.050140
0.167523
0.129416
0.252238
0.018858
0.238569
0.129881
0.549438
0.069726
0.166894
0.448111
0.018026
0.461377
0.194065
0.011708
0.059676
0.205266
0.011621
0.145447
0.070745
0.161666
0.007804
0.342019
0.605034
0.578307
0.230818
0.023227
0.236651
0.004149
0.003729
0.065164
0.111782
0.245242
0.191631
0.098403
0.053282
0.975257
0.092574
0.100061
0.029780
0.263970
0.197189
0.041575
0.014329
0.190166
0.177133
0.053198
0.502193
0.027294
0.094371
0.479262
0.090710
0.169595
0.084471
0.053417
0.688963
0.087751
0.374209
0.043551
0.039943
0.005272
0.175766
0.076617
0.332957
0.106826
0.574682
0.034202
0.338282
0.249797
0.245616
0.310489
0.238566
0.164015
0.023449
0.005511
0.422731
0.159802
0.265379
0.109477
0.020797
0.022291
0.192830
0.093776
0.037300
0.112746
0.011061
0.145368
0.052222
0.266218
0.061932
0.101229
0.001948
0.012534
0.083066
0.108968
0.152724
0.057473
0.197898
0.327832
0.252242
0.006738
0.109151
0.018476
0.046189
0.719532
0.025622
0.115155
0.160457
0.202038
0.136697
0.001636
0.065868
0.121536
0.015328
0.071958
0.005628
0.013640
0.084285
0.023731
0.139712
0.194910
0.268730
0.037222
0.030550
0.018408
0.168631
0.204300
0.005349
0.458700
0.008895
0.129892
0.205774
0.341285
0.208678
0.269687
0.069114
0.281076
0.013918
0.375342
0.132196
0.283317
0.100344
0.171940
0.124567
0.219207
0.014193
0.010375
0.047305
0.028969
0.342340
0.041242
0.620685
0.068471
0.033506
0.259869
0.179170
0.114924
0.135083
0.211687
0.043227
0.934774
0.613441
0.175126
0.037095
0.190025
0.012490
0.005189
0.049663
0.103509
0.337837
0.216484
0.226257
0.092374
0.070758
0.077281
0.732345
0.006823
0.336275
0.144059
0.096225
0.215321
0.111139
0.344485
0.384939
0.091283
0.054018
0.149558
0.405760
0.039427
0.162571
0.166413
0.220155
0.023511
0.209695
0.399543
0.033011
0.045202
0.592364
0.033274
0.321132
0.112970
0.047333
0.341002
0.098223
0.120539
0.074182
0.149804
0.029760
0.082679
0.581194
0.049764
0.178210
0.065554
0.247482
0.023378
0.583436
0.100792
0.044876
0.012723
0.031006
0.122250
0.068498
0.294236
0.093946
0.047662
0.160017
0.204471
0.030462
0.030578
0.006227
0.222222
0.181677
0.107276
0.309833
0.273034
0.146722
0.337836
0.038412
0.019782
0.052395
0.009797
0.126253
0.459731
0.006690
0.021706
0.100307
0.452702
0.063338
0.117954
0.007077
0.026762
0.719127
0.559302
0.000825
0.505441
0.169869
0.337390
0.101082
0.120806
0.111848
0.183201
0.025070
0.005072
0.061345
0.203283
0.037577
0.186520
0.583940
0.016434
0.186097
0.097757
0.337673
0.032497
0.196615
0.303479
0.482240
0.191606
0.114586
0.160323
0.338639
0.140898
0.005143
0.445485
0.194943
0.188100
0.040489
0.179257
0.083442
0.175559
0.018786
0.178749
1.240290
0.008236
0.629978
0.087068
0.341006
0.254172
0.139509
0.223522
0.351329
0.086292
0.066010
0.183566
0.274910
0.239448
0.266428
0.095327
0.283807
0.021345
0.131056
0.000963
0.065405
0.076073
0.084078
0.198163
0.081989
0.099244
0.045202
0.077869
0.042971
0.012669
0.154159
0.183877
0.161041
0.103780
0.079615
0.331703
0.122010
0.108726
0.004329
0.069568
0.079725
0.084811
0.144652
0.127120
0.156042
0.241279
0.279429
0.211048
0.518801
0.003067
0.036313
0.001265
0.173773
0.380514
0.046505
0.436296
0.010360
0.454122
0.072214
0.017823
0.110881
0.049460
0.055883
0.061191
0.270781
0.129118
0.062160
0.157078
0.209886
0.053052
0.088945
0.021663
0.033309
0.190489
0.033368
0.124131
0.205766
0.018839
0.139623
0.049412
0.549145
0.110128
0.273310
0.133169
0.007397
0.167135
0.504034
0.153388
0.285051
0.359325
0.043146
0.039719
0.157355
0.088230
0.305286
0.383803
0.072677
0.045055
0.252754
0.053553
0.288239
0.091866
0.183545
0.016735
0.162966
0.100176
0.147227
0.030657
0.222521
0.331050
0.040715
0.016768
0.003987
0.171191
0.155698
0.131866
0.043983
0.082631
0.150430
0.114451
0.734190
0.024449
0.197987
0.086342
0.093161
0.210738
0.196512
0.789899
0.022903
0.018323
0.214764
0.143945
0.053405
0.013792
0.014925
0.374354
0.035505
0.065106
0.042839
0.073083
0.011992
0.122002
0.011668
0.268538
0.044366
0.129426
0.353488
0.175389
0.126890
0.065343
0.067495
0.184519
0.856584
0.180706
0.135993
0.218625
0.104312
0.010338
0.137703
0.526868
0.032123
0.195200
0.037385
0.127917
0.016946
0.099752
0.235210
0.071176
0.182227
0.264491
0.436623
0.044569
0.084948
0.027561
0.815111
0.436219
0.129406
0.307562
0.122661
0.162844
0.015558
0.234601
0.022773
0.291515
0.253899
0.205593
0.006138
0.060192
0.050887
0.074417
0.015287
0.460659
0.134499
0.060766
0.084301
0.098794
0.152963
0.120835
0.419694
0.114516
0.808045
0.317778
0.038973
0.444634
0.020619
0.283455
0.079840
0.350588
0.337564
0.273253
0.260133
0.060564
0.014064
0.085968
0.031764
0.197881
0.070800
0.618933
0.170726
0.288113
0.023695
0.330102
0.426801
0.111267
0.155341
0.241227
0.032029
0.116382
0.084767
0.026377
0.076355
0.011768
0.004358
0.024203
0.549993
0.132911
0.562697
0.094419
0.062283
0.117585
0.096491
0.018612
0.170659
0.040566
0.161084
0.175066
0.027484
0.010552
0.252933
0.102636
0.009987
0.878657
0.009920
0.197927
0.685884
0.045560
0.025574
0.021568
0.060228
0.017754
0.196364
0.010719
0.118695
0.952149
0.280309
0.159181
0.060942
0.162982
0.124792
0.092545
0.023347
0.362813
0.099574
0.036074
0.076414
0.089110
0.292930
0.220469
0.244444
0.001849
0.089687
0.109419
0.003230
0.050142
0.238055
0.024578
0.127731
0.040388
0.002032
0.046003
0.620744
0.269526
0.534726
0.111524
0.019373
0.132331
0.100971
0.310032
0.017205
0.111651
0.027096
0.065427
0.222827
0.107717
0.078571
0.083610
0.102527
0.256200
0.371069
0.518094
0.257669
0.063155
0.194198
0.095925
0.048988
0.306341
0.006531
0.386728
0.103155
0.168985
0.179486
0.375820
0.168741
0.158625
0.011496
0.121777
0.027120
0.222876
0.119649
0.190025
0.007094
0.014767
0.209987
0.012469
0.012321
0.002030
0.522505
0.222923
0.072633
0.058623
0.071721
0.248353
0.180475
0.034135
0.031882
0.017263
0.179950
0.240918
0.051325
0.003528
0.014291
0.572944
0.058365
0.244384
0.163322
0.080195
0.038380
0.021568
0.159091
0.248339
0.172093
0.125945
0.007143
0.576236
0.267172
0.057746
0.651758
0.153501
0.145548
0.229770
0.278349
0.178085
0.022846
0.068816
0.438709
0.042399
0.077580
0.094295
0.096460
0.158196
0.477674
0.045892
0.021590
0.036665
0.363285
0.172988
0.056124
0.282089
0.329325
0.312359
0.418734
0.048446
0.234445
0.102864
0.307526
0.217294
0.249685
0.177931
0.032553
0.131253
0.696322
0.461801
0.007356
0.030017
0.023542
0.215759
0.283762
0.040030
0.117487
0.306165
0.219961
0.130234
0.148741
0.118335
0.058863
0.138744
0.194599
0.344353
0.168567
0.238634
0.029073
0.103179
0.001563
0.047211
0.216053
0.800808
0.017408
0.085553
0.268299
0.038034
0.134979
0.220129
0.159513
0.034714
0.073184
0.255253
0.134658
0.000874
0.238543
0.005992
0.228229
0.037708
0.528641
0.076462
0.065985
0.026869
0.060786
0.348790
0.934793
0.076559
0.099219
0.213399
0.362213
0.149842
0.082800
0.088681
0.198246
0.000537
0.161084
0.073212
0.263473
0.016267
0.147871
0.109300
0.171356
0.011175
0.144577
0.137394
0.137081
0.154175
0.188077
0.272450
0.052411
0.290543
0.114944
0.013365
0.010056
0.067804
0.256107
0.204985
0.259013
0.121383
0.096696
0.026588
0.066297
0.094866
0.015462
0.041541
0.151978
0.221756
1.067581
0.450794
0.171467
0.091147
0.168515
0.256693
0.020991
0.087912
0.305225
0.080706
0.141389
0.147696
0.033988
0.074964
0.067872
0.004424
0.004082
0.296999
0.053154
0.121663
0.059143
0.470800
0.050026
0.093586
0.343575
0.307457
0.034320
0.270458
0.102139
0.109942
0.023878
0.014006
0.216955
0.114349
0.095702
0.217919
0.241726
0.028842
0.157031
0.024239
0.231969
0.178316
0.522940
0.011909
0.009791
0.055258
0.050569
0.047277
0.394530
0.047846
0.052898
0.237436
0.099561
0.249882
0.011267
0.111432
0.005699
0.010784
0.394855
0.024991
0.126698
0.088249
0.071117
0.383487
0.003678
0.181670
0.551260
0.136894
0.460302
0.008945
0.090442
0.050220
0.218730
0.663181
0.049405
0.176971
0.036795
0.138862
0.103916
0.595958
0.156307
0.071671
0.020191
0.027331
0.042550
0.048162
0.316873
0.137294
0.123510
0.020318
0.327853
0.213845
0.011678
0.205073
0.130709
0.014210
0.102174
0.110500
0.030209
0.485534
0.316160
0.184284
0.103408
0.088438
0.175435
0.131402
0.010716
0.119745
0.273664
0.102463
0.008893
0.257181
0.037475
0.049874
0.029995
0.066800
0.235612
0.122115
0.038211
0.350391
0.352798
0.340781
0.045476
0.100016
0.699837
0.246411
0.004591
0.011238
0.103916
0.399887
0.128952
0.114797
0.018577
0.178231
0.287759
0.079786
0.249063
0.556262
0.037977
0.123489
0.056411
0.262389
0.143631
0.167786
0.266511
0.084022
0.411028
0.126915
0.028654
0.198400
0.262717
0.063485
0.324361
0.394332
0.054036
0.684284
0.025275
0.037611
0.033936
0.374037
0.177027
0.027500
0.096733
0.159215
0.014526
0.356768
0.271271
0.117269
0.569183
0.090146
0.690349
0.183730
0.167827
0.030245
0.356077
0.092954
0.029503
0.002115
0.136738
0.124918
0.211777
0.368271
0.013789
0.219149
0.034589
0.325530
0.284935
0.129710
0.206452
0.062898
0.106181
0.287323
0.102471
0.073809
0.113607
0.293619
0.068047
0.031812
0.207474
0.291430
0.017678
0.045712
0.025520
0.071270
0.099746
0.230269
0.175518
0.161672
0.072407
0.306946
0.106219
0.644708
0.167585
0.022496
0.187927
0.065533
0.193235
0.012031
0.032038
0.322687
0.042952
0.302377
0.054583
0.171615
0.197444
0.119797
0.060715
0.039846
0.005625
0.060388
0.176484
0.464259
0.341589
0.242119
0.258881
0.182264
0.050249
0.396210
0.185148
0.136997
0.019608
0.098750
0.102809
0.333210
0.131848
0.079781
0.627271
0.019557
0.091522
0.007156
0.224451
0.416996
0.054759
0.325724
0.057603
0.402757
0.233712
0.272380
0.003028
0.548622
0.216180
0.060581
0.294734
0.055103
0.343606
0.019906
0.202723
0.129675
0.016920
0.046155
0.002080
0.105426
0.059747
0.152032
0.058790
0.059427
0.226572
0.008223
0.388661
0.318722
0.183672
0.149915
0.371406
0.034162
0.013710
0.045632
0.263782
0.005881
0.145701
0.898316
0.322640
0.122831
0.010959
0.296679
0.152290
0.020349
0.016426
0.400635
0.184374
0.294629
0.351966
0.141350
0.121444
0.093812
0.063530
0.095036
0.247782
0.153519
0.371748
0.097646
0.155696
0.166299
0.149291
0.202132
0.045178
0.119698
0.018344
0.080890
0.111464
0.176033
0.501069
0.152987
0.226833
0.117627
0.167568
0.012262
0.048926
0.074865
0.106599
0.007787
0.025142
0.054015
0.593168
0.067082
0.109643
0.036380
0.157269
0.054909
0.038654
0.121143
0.000920
0.001282
0.041211
0.006235
0.019053
0.068965
0.270409
0.141458
0.119802
0.057903
0.447440
0.084311
0.015187
0.159983
0.020143
0.070577
0.118014
0.345541
0.113387
0.201922
0.822671
0.023496
0.053536
0.083638
0.091314
0.088228
0.396959
0.208647
0.156042
0.061693
0.289347
0.517074
0.286914
0.000261
0.168618
0.008748
0.049646
0.010228
0.154304
0.193374
0.020265
0.080708
0.101540
0.076756
0.021500
0.090486
0.231837
0.012276
0.013930
0.073025
0.473767
0.184058
0.189215
0.074882
0.150095
0.001697
0.168478
0.407526
0.158038
0.344848
0.214543
0.021411
0.387905
0.011459
0.127250
0.025552
0.001963
0.091374
0.058269
0.110922
0.143476
0.007454
0.021875
0.136317
0.070054
0.217713
0.176066
0.311373
0.196543
0.093667
0.186283
0.053685
0.060956
0.259305
0.098558
0.266896
0.288058
0.324809
0.414089
0.093975
0.064000
0.145459
0.077317
0.153164
0.203795
0.194342
0.078215
0.030426
0.093842
0.025641
0.368027
0.070744
0.027963
0.004296
0.172993
0.168848
0.069405
0.012402
0.087834
0.062138
0.188413
0.155141
0.075582
0.040961
0.737643
0.100857
0.194272
0.025244
0.110789
0.004654
0.117353
0.554121
0.080807
0.006629
0.005241
0.081834
0.029064
0.003938
0.235244
0.102243
0.056905
0.383904
0.020576
0.520288
0.062805
0.365479
0.153946
0.292130
0.689333
0.056708
0.541280
0.082241
0.081161
0.069350
0.129933
0.027901
0.134465
0.130041
0.239179
0.298944
0.096768
0.060002
0.050035
0.036074
0.009896
0.069872
0.052508
0.565626
0.135965
0.071101
0.144769
0.024982
0.097844
0.164021
0.111865
0.085633
0.848509
0.353816
0.162765
0.140421
0.161554
0.037464
0.083793
0.006710
0.107566
0.130521
0.043075
0.554174
0.400318
0.213442
0.127043
0.339998
0.023335
0.260514
0.022221
0.263484
0.053774
0.349385
0.480527
0.026851
0.103526
0.660443
0.110084
0.331964
0.148085
0.078422
0.056095
0.037864
0.239107
0.081440
0.119326
0.112986
0.143507
0.334461
0.658283
0.087258
0.292912
0.241028
0.142035
0.520774
0.037290
0.019285
0.320649
0.096384
0.312853
0.372629
0.010749
0.358261
0.099131
0.119039
0.164181
0.434813
0.003217
0.107979
0.193977
0.213780
0.196565
0.024062
0.059302
0.074047
0.271980
0.054464
0.039436
0.526173
0.001484
1.021473
0.188259
0.293833
0.058170
0.002403
0.223153
0.299440
0.224818
0.025690
0.233351
0.244168
0.179088
0.242155
0.311716
0.158482
0.015463
0.111451
0.013472
0.087246
0.087124
0.011382
0.071495
0.019609
0.275248
0.491756
0.012511
0.517277
0.123226
0.059343
0.013329
0.115733
0.263731
0.204647
0.008589
0.012616
0.085938
0.058328
0.044078
0.054983
0.271168
0.441383
0.086561
0.394274
0.064644
0.107850
0.042704
0.170496
0.643724
0.154177
0.073813
0.173935
0.021860
0.365860
0.116556
0.099443
0.146927
0.163376
0.012414
0.191275
0.046164
0.208600
0.288164
0.271572
0.134014
0.122387
0.025695
0.248866
0.052774
0.114427
0.055743
0.023945
0.165510
0.009311
0.230149
0.063687
0.000022
0.119276
0.007998
0.053866
0.204584
0.010790
0.304743
0.000638
0.047243
0.225093
0.063366
0.017911
0.074442
0.052542
0.308280
0.062655
0.259263
0.370741
0.094807
0.401220
0.078953
0.554404
0.015588
0.193603
0.113475
0.081742
0.166935
0.202819
0.000729
0.030444
0.208073
0.182962
0.563800
0.238575
0.501886
0.202080
0.058983
0.018557
0.253743
0.172208
0.008231
0.074394
0.523653
0.115659
0.094487
0.101989
0.039052
0.076664
0.076957
0.008963
0.243193
0.089787
0.287831
0.316574
0.039708
0.178510
0.106532
0.353596
0.040503
0.188771
0.155977
0.058331
0.024480
0.175753
0.223616
0.063209
0.172528
0.083791
0.208166
0.037027
0.368206
0.056475
0.076421
0.009975
0.019706
0.120898
0.051903
0.300788
0.002467
0.079429
0.068584
0.003253
0.022135
0.088971
0.113163
0.086334
0.126170
0.150699
0.001662
0.103967
0.551738
0.121993
0.188631
0.062295
0.247864
0.247077
0.122779
0.621714
0.022360
0.002849
0.245061
0.274312
0.021345
0.051446
0.002951
0.057860
0.247239
0.121622
0.071310
0.077467
0.000226
0.059398
0.173293
0.609529
0.312953
0.003980
0.381383
0.254796
0.252640
0.102080
0.084585
0.060142
0.011325
0.043179
0.047194
0.110300
0.229354
0.107016
0.009931
0.527517
0.476647
0.256334
0.791276
0.131054
0.548434
0.013103
0.075867
0.042564
0.036325
0.025293
0.162326
0.253360
0.143910
0.026492
0.277778
0.168413
0.081882
0.186877
0.050163
0.070569
0.415798
0.057200
0.105810
0.368094
0.205008
0.010704
0.026559
0.001312
0.166125
0.098936
0.024031
0.528087
0.125717
0.046155
0.115726
0.189708
0.013217
0.053529
0.274148
0.102594
0.131822
0.094512
0.007482
0.030204
0.098294
0.039115
0.008545
0.309277
0.662252
0.262622
0.320447
0.046174
0.539113
0.036551
0.504125
0.877137
0.207306
0.661820
0.140484
0.050081
0.095745
0.150054
0.012648
0.162295
0.662121
0.035142
0.262181
0.397479
0.479516
0.537046
0.122836
0.630958
0.235996
0.029391
0.107997
0.211171
0.047357
0.170561
0.183069
0.029595
0.138768
0.246130
0.115157
0.002029
0.001513
0.073610
0.434387
0.043275
0.167686
0.041854
0.064687
0.314026
0.217521
0.016710
0.093308
0.004934
0.109274
0.180999
0.021022
0.056820
0.084538
0.419981
0.833161
0.007659
0.238555
0.077463
0.083056
0.233917
0.417709
0.502414
0.143446
0.073633
0.258175
0.048170
0.138381
0.074012
0.178159
0.045827
0.035448
0.417327
0.017894
0.117523
0.041593
0.006618
0.006114
0.032107
0.335948
0.055326
0.500827
0.145229
0.095632
0.144619
0.121186
0.237006
0.055330
0.072581
0.374202
0.487878
0.371802
0.090629
0.252632
0.107818
0.114707
0.038169
0.149060
0.034327
0.067136
0.321872
0.038671
0.012303
0.011917
0.471096
0.117848
0.087773
0.277562
0.301139
0.067292
0.197154
0.245762
0.177200
0.027400
0.347756
0.129094
0.055324
0.092297
0.006383
0.022802
0.241750
0.000002
0.089804
0.123202
0.009364
0.602471
0.042724
0.060449
0.060387
0.043651
0.000246
0.217819
0.567764
0.042330
0.181302
0.225733
0.314447
0.091545
0.060145
0.065580
0.207826
0.282845
0.033404
0.077255
0.387030
0.273914
0.698386
0.233906
0.083258
0.148859
0.180300
0.013617
0.131059
0.205923
0.030518
0.252834
0.146088
0.506865
0.007225
0.051388
0.153364
0.058629
0.208875
0.237164
0.018027
0.120208
0.118515
0.076816
0.450325
0.292900
0.199119
0.208818
0.103228
0.423041
0.197687
0.217595
0.329711
0.053384
0.274239
0.036202
0.070607
0.068148
0.640149
0.323614
0.201314
0.216416
0.137617
0.489864
0.114282
0.079812
0.029662
0.257124
0.220989
0.080848
0.004253
0.304390
0.001914
0.202731
0.585862
0.095942
0.044641
0.203391
0.283162
0.131768
0.568721
0.008842
0.117131
0.211244
0.330860
0.032924
0.268243
0.134091
0.084183
0.023539
0.334113
0.028519
0.061793
0.057093
0.341860
0.186148
0.265497
0.048051
0.163416
0.141340
0.298125
0.394232
0.002039
0.186820
0.008871
0.132663
0.056527
0.061067
0.072558
0.161832
0.067757
0.219897
0.086400
0.011800
0.255228
0.056089
0.094498
0.192766
0.067359
0.009708
0.078047
0.481742
0.171080
0.185526
0.166740
0.036981
0.090310
0.231677
0.017815
0.054254
0.053901
0.094278
0.655107
0.011648
0.121878
0.032946
0.588229
0.020042
0.086141
0.223162
0.203212
0.091574
0.070908
0.084476
0.051150
0.038305
0.109965
0.052117
0.056487
0.178219
0.576493
0.154238
0.013351
0.013099
0.504103
0.058802
0.016097
0.152318
0.162872
0.174260
0.051860
0.002538
0.558809
0.048146
0.187849
0.204387
0.156938
0.062548
0.052702
0.151747
0.335106
0.488743
0.018657
0.028036
0.482607
0.222306
0.357589
0.037740
0.147622
0.201297
0.189964
0.087418
0.002586
0.145749
0.048638
0.099717
0.526694
0.084870
0.305224
0.034820
0.186025
0.628762
0.017911
0.001392
0.094738
0.016200
0.229976
0.409969
0.094867
0.049894
0.094979
0.214226
0.001516
0.148378
0.158348
0.169209
0.046184
0.208658
0.015974
0.037039
0.349901
0.223696
0.002307
0.047587
0.040219
0.052636
0.047406
0.010761
0.102371
0.219919
0.155544
0.186234
0.014105
0.504334
0.303867
0.272537
0.288586
0.449793
0.130970
0.037249
0.159860
0.226370
0.223183
0.122832
0.011819
0.077301
0.422560
0.146359
0.128818
0.052190
0.076596
0.376183
0.183001
0.258047
0.100962
0.165820
0.047588
0.203724
0.092987
0.097396
0.174648
0.458879
0.011024
0.290251
0.057642
0.097807
0.003693
0.059695
0.116404
0.009636
0.112583
0.436470
0.018562
0.240966
0.087846
0.177453
0.050238
0.028958
0.029151
0.012183
0.034227
0.181883
0.355743
0.280448
0.192602
0.019503
0.056891
0.061797
0.047938
0.120603
0.127819
0.073572
0.072772
0.293917
0.259548
0.061313
0.408493
0.508948
0.065938
0.072936
0.117413
0.472046
0.348343
0.018036
0.083131
0.134338
0.116572
0.035917
0.326283
0.188320
0.303266
0.326221
0.229957
0.096402
0.157169
0.029131
0.186629
0.032924
0.197335
0.043474
0.020842
0.030111
0.000332
0.211413
0.219711
0.120578
0.029330
0.014542
0.003219
0.030203
0.369181
0.046077
0.072896
0.018553
0.041916
0.122059
0.155977
0.046917
0.009911
0.082665
0.044473
0.041315
0.535910
0.159650
0.135652
0.089578
0.093378
0.129750
0.198691
0.201859
0.031395
0.115562
0.088493
0.340714
0.166349
0.126728
0.020436
0.155081
0.020777
0.068549
0.025689
0.196316
0.038498
0.082892
0.376708
0.038092
0.118147
0.090579
0.003048
0.262312
0.011924
0.107157
0.137087
0.165002
0.194463
0.048676
0.001671
0.214224
0.127855
0.301435
0.287091
0.308932
0.110629
0.067651
0.261350
0.100032
0.033776
0.321808
0.356972
0.104657
0.013120
0.081790
0.271215
0.386748
0.037916
0.011554
0.349738
0.082220
0.130061
0.574014
0.011481
0.174172
0.012833
0.078459
0.271450
0.094705
0.978644
0.136474
0.064562
0.041434
0.071931
0.077678
0.011865
0.076893
0.104011
0.213799
0.178206
0.205605
0.001400
0.040913
0.180630
0.110272
0.000888
0.272028
0.246995
0.132500
0.011463
0.242440
0.146064
0.253847
0.232218
0.270761
0.121638
0.025200
0.185363
0.161472
0.225963
0.031031
0.036147
0.368502
0.231035
0.398076
0.236963
0.151534
0.176950
0.366564
0.144111
0.166790
0.028361
0.107051
0.210030
0.052667
0.037661
0.062771
0.046069
0.040327
0.092188
0.397370
0.117895
0.034693
0.013349
0.198541
0.080427
0.287504
0.179562
0.265137
0.052897
0.196471
0.051102
0.466335
0.168605
0.065387
0.052340
0.035311
0.197712
0.041136
0.150770
0.051231
0.180770
0.281180
0.250866
0.238445
0.034652
0.015423
0.200080
0.076569
0.094374
0.005274
0.050089
0.005709
0.352251
0.046486
0.135825
0.006627
0.183193
0.065021
0.380333
0.365053
0.065579
0.385374
0.926948
0.290892
0.310584
0.047727
0.143280
0.011604
0.016622
1.134294
0.065912
0.229843
0.273889
0.325349
1.007360
0.046068
0.006865
0.088276
0.023226
0.003780
0.074493
0.255211
0.139188
0.062516
0.177051
0.043998
0.002414
0.240904
0.162914
0.239460
0.006619
0.302457
0.161057
0.138121
0.163300
0.333049
0.147359
0.144961
0.779252
0.235598
0.097321
0.204823
0.082173
0.043318
0.151409
0.438938
0.441175
0.069735
0.125016
0.039633
0.905543
0.661592
0.174737
0.271960
0.209270
0.149889
0.009137
0.101090
0.187213
0.188625
0.077834
0.473670
0.030525
0.115645
0.195673
0.199079
0.174324
0.053664
0.028308
0.168407
0.152425
0.032944
0.203542
0.101214
0.183650
0.302711
0.031000
0.003222
0.251677
0.156806
0.200462
0.303520
0.270599
0.540359
0.127955
0.111733
0.085663
0.027812
0.141676
0.054061
0.423702
0.145855
0.149759
0.073065
0.008898
0.005376
0.091749
0.014726
0.155593
0.354735
0.357476
0.179335
0.039547
0.331293
0.362064
0.036495
0.222871
0.056267
0.270455
0.981963
0.005081
0.379432
0.162422
0.604366
0.104251
0.313310
0.010738
0.068065
0.011561
0.617118
0.283022
0.319042
0.463344
0.014824
0.081184
0.012281
0.039455
0.043424
0.105533
0.052124
0.017741
0.030552
0.026553
0.602462
0.237363
0.572433
0.096559
0.054374
0.266824
0.065817
0.059299
0.044104
0.023149
0.049390
0.073167
0.186807
0.010768
0.039394
0.275935
0.026484
0.069922
0.333327
0.028055
0.014394
0.110449
0.060023
0.138126
0.271441
0.024585
0.144861
0.117371
0.025930
0.163027
0.053285
0.111518
0.014309
0.102570
0.060992
0.288020
0.009778
0.090388
0.102214
0.215168
0.142332
0.183375
0.250135
0.330330
0.062783
0.128707
0.305543
0.758624
0.367153
0.077395
0.036187
0.112026
0.225568
0.113066
0.110011
0.303598
0.074747
0.327442
0.087039
0.066307
0.100853
0.239561
0.022446
0.036446
0.504177
0.032161
0.139783
0.144312
0.112102
0.172487
0.043523
0.134074
0.077582
0.180621
0.025374
0.141002
0.034150
0.054437
0.041135
0.033653
0.291174
0.056077
0.436500
0.584020
0.141151
0.025720
0.078214
0.266361
0.076317
0.015173
0.135617
0.310852
0.264880
0.032087
0.186180
0.041518
0.041028
0.345341
0.047874
0.050917
0.000109
0.340897
0.262181
0.164510
0.231227
0.027489
0.102181
0.072110
0.016412
0.110965
0.422504
0.006814
0.057425
0.038769
0.045334
0.398451
0.105207
0.104654
0.238253
0.027970
0.111333
0.093682
0.151433
1.287257
0.244548
0.084546
0.292945
0.031197
0.005156
0.038120
0.069357
0.119090
0.159142
0.402451
0.118842
0.115951
0.008592
0.005923
0.133515
0.096095
0.304579
0.029194
0.004215
0.099349
0.045188
0.008481
0.214921
0.019721
0.156218
0.054994
0.031758
0.079606
0.269449
0.082956
0.231563
0.022348
0.246967
0.045068
0.188554
0.139035
0.441187
0.081653
0.011409
0.003224
0.292275
0.123981
0.248791
0.044522
0.070541
0.005094
0.542817
0.183704
0.451022
0.051427
0.157562
0.189127
0.063678
0.314100
0.490087
0.360261
0.223916
0.054165
0.055125
0.551105
0.001723
0.209827
0.204169
0.162448
0.769354
0.062299
0.069246
0.013705
0.097471
0.050421
0.070110
0.299870
0.456809
0.034245
0.077671
0.439982
0.010634
0.016151
0.029614
0.150733
0.027179
0.574069
0.098647
0.116032
0.047206
0.106115
0.180743
0.231836
0.233648
0.143749
0.391194
0.283417
0.235816
0.009535
0.001150
0.039804
0.181538
0.088278
0.085808
0.359874
0.376529
0.399805
0.062783
0.195766
0.052825
0.035246
0.034019
0.069786
0.093674
0.296260
0.021285
0.221291
0.126354
0.056600
0.113148
0.059432
0.151091
0.094814
0.029935
0.020660
0.131866
0.387836
0.070255
0.220085
0.179147
0.446955
0.286711
0.139351
0.178353
0.381097
0.085004
0.065951
0.001812
0.291979
0.269059
0.018387
0.143341
0.103931
0.021061
0.656809
0.040281
0.011600
0.150582
0.223788
0.005497
0.179175
0.126652
0.018166
0.031563
0.139879
0.058581
0.464289
0.284638
0.684747
0.050110
0.582899
0.094048
0.071162
0.008610
0.009035
0.196282
0.102060
0.042810
0.158640
0.048583
0.143647
0.074175
0.289122
0.286446
0.108141
0.072007
0.075049
0.273072
0.066294
0.039089
0.014748
0.104777
0.109673
0.306380
0.041675
0.079939
0.275396
0.289190
0.080917
0.102428
0.060230
0.449408
0.021049
0.452386
0.191932
0.126396
0.005534
0.107582
0.087304
0.029301
0.178051
0.590947
0.137662
0.209067
0.011818
0.090119
0.020617
0.158134
0.464739
0.180676
0.013319
0.072998
0.133331
0.086031
0.298938
0.280938
0.157719
0.077923
0.049137
0.018652
0.073058
0.088838
0.187745
0.178902
0.012115
0.083826
0.033437
0.028428
0.292703
0.007137
0.090553
0.030695
0.352450
0.135713
0.043860
0.116336
0.219143
0.528818
0.041506
0.362193
0.453787
0.413660
0.168166
0.165628
0.086032
0.232656
0.126297
0.188577
0.093236
0.219149
0.289993
0.026389
0.298224
0.129529
0.310363
0.094068
0.079415
0.410971
0.048207
0.309877
0.110282
0.120291
0.061474
0.141845
0.065559
0.006677
0.052909
0.001067
0.638830
0.562332
0.083797
0.217220
0.070725
0.185330
0.272828
0.488813
0.085197
0.254873
0.051525
0.773162
0.004351
0.154192
0.179560
0.194150
0.021379
0.464868
0.033316
0.162476
0.041983
0.061173
0.131778
0.089983
0.029104
0.031243
0.090256
0.235977
0.380407
0.014646
0.083233
0.017606
0.002789
0.180647
0.153739
0.029659
0.044388
0.003999
0.300249
0.612764
0.024260
0.043880
0.338011
0.434997
0.090681
0.008658
0.006698
0.142200
0.083176
0.004845
0.145879
0.001894
0.258036
0.060985
0.006848
0.147931
0.084496
0.607003
0.130950
0.053652
0.205991
0.052793
0.390992
0.078260
0.133036
0.008649
0.092556
0.297660
0.273015
0.042336
0.042714
0.283324
0.444162
0.016703
0.099657
0.068611
0.340922
0.014537
0.039525
0.232703
0.008776
0.113055
0.097265
0.067845
0.083637
0.125816
0.029330
0.141437
0.272830
0.237965
0.027853
0.026939
0.052036
0.074661
0.087503
0.189748
0.009725
0.005881
0.082906
0.199094
0.035829
0.170974
0.050146
0.362053
0.376732
0.058801
0.043560
0.088308
0.045856
0.185986
0.291513
0.186347
0.289878
0.084304
0.028330
0.223204
0.074505
0.185421
0.052599
0.014120
0.817305
0.028307
0.743095
0.630752
0.263167
0.179519
0.143716
0.335113
0.056950
0.105086
0.160997
0.088276
0.092953
0.066817
0.138441
0.316827
0.037509
0.454115
0.194708
0.288859
0.135394
0.251989
0.002722
0.284307
0.006828
0.367749
0.803946
0.058039
0.039354
0.241620
0.048621
0.334443
0.018087
0.022437
0.645081
0.186728
0.312764
0.065342
0.188085
0.150333
0.154033
0.191230
0.142752
0.093413
0.053810
0.243922
0.042756
0.196468
0.044284
0.163619
0.229113
0.041136
0.010303
0.023397
0.155233
0.315573
0.007673
0.220805
0.069586
0.108517
0.440517
0.067238
0.104353
0.002296
0.014187
0.049867
0.004708
0.166330
0.092637
0.132399
0.031991
0.058480
0.181687
0.560183
0.008622
0.368463
0.143351
0.138322
0.115618
0.011987
0.015696
0.153096
0.069495
0.415359
0.086979
0.025774
0.209047
0.057871
0.124239
0.199463
0.384206
0.261857
0.188022
0.189715
0.486230
0.058455
0.000185
0.052899
0.040960
0.180704
0.167389
0.150013
0.002729
0.217470
0.065145
0.182299
0.135539
0.069944
0.024089
0.016530
0.296822
0.417650
0.174870
0.018197
0.085702
0.217569
0.252219
0.020969
0.000005
0.207546
0.073497
0.048946
0.002164
0.129530
0.317471
0.526893
0.139021
0.120416
0.014816
0.132668
0.079667
0.155715
0.082035
0.045805
0.016630
0.063036
0.016940
0.032446
0.728169
0.097862
0.126502
0.344742
0.903186
0.145664
0.278973
0.065987
0.060819
0.085891
0.186049
0.191052
0.063114
0.023826
0.166792
0.022890
0.143987
0.197048
0.201003
0.233380
0.343744
0.115511
0.218377
0.160902
0.034430
0.004338
0.055805
0.097542
0.160000
0.316142
0.036410
0.022360
0.551650
0.019057
0.108505
0.146806
0.129920
0.014993
0.009786
0.018579
0.146816
0.131003
0.044373
0.169248
0.285863
0.007078
0.114903
0.194827
0.048462
0.061307
0.158497
0.380359
0.276723
0.145831
0.218360
0.075642
0.170723
0.104617
0.035107
0.201631
0.135497
0.074023
0.403824
0.003526
0.063244
0.009761
0.242449
0.201837
0.067083
0.187662
0.084013
0.235272
0.100912
0.088584
0.454871
0.048143
0.021390
0.146396
0.580702
0.079093
0.010674
0.069077
0.117514
0.029441
0.178874
1.016094
0.100168
0.073014
0.085333
0.020389
0.357988
0.089308
0.081640
0.179650
0.097243
0.174132
0.010569
0.280088
0.470309
0.174384
0.515250
0.027368
0.108162
0.153470
0.145274
0.085544
0.068770
0.022603
0.082860
0.029588
0.220940
0.039041
0.010058
0.133964
0.150740
0.342508
0.143390
0.070643
0.270769
0.129523
0.013767
0.139061
0.397696
0.084117
0.058573
0.025811
0.027370
0.094499
0.150925
0.014008
0.467709
0.234508
0.147233
0.293803
0.013931
0.107978
0.165751
0.294011
0.255005
0.054074
0.471366
0.022131
0.346753
0.589735
0.032498
0.213396
0.006853
0.086651
0.121043
0.144840
0.457983
