# Poisson Arrival Times Generated
# Generated on: 2025-09-28 05:59:07
# Arrival time: 4 seconds (avg inter-arrival time)
# QPS: 0.2500 queries per second
# Number of queries: 4322
# Random seed: 42
# Format: One delay value per line (seconds)
#
1.877072
12.040486
5.266983
3.651770
0.678499
0.678385
0.239355
8.044923
3.676329
4.925000
0.083197
14.014230
7.145718
0.954751
0.802716
0.810446
1.451015
2.975711
2.262148
1.376892
3.785483
0.600938
1.382062
1.825109
2.435739
6.151744
0.890943
2.888117
3.590019
0.190255
3.741332
0.747845
0.269056
11.894751
13.482521
6.609326
1.453151
0.411109
4.611003
2.320363
0.520609
2.734189
0.139975
9.601692
1.197831
4.345023
1.494186
2.936444
3.164895
0.817554
13.971229
5.968982
11.220378
9.008608
3.644218
10.197742
0.370622
0.872539
0.185128
1.574128
1.968521
1.266242
7.058231
1.764908
1.319211
3.129628
0.607593
6.481934
0.309903
17.336585
5.917935
0.886158
0.022150
6.759587
4.908384
5.222652
5.900858
0.307717
1.775571
0.492600
7.954118
3.905205
1.607275
0.262672
1.489953
1.573257
5.231503
4.059557
8.729008
2.556265
0.509490
4.996505
5.721571
3.295550
5.895560
2.723259
2.958715
2.231257
0.102991
0.456670
0.127735
4.046918
1.509587
2.841749
9.525062
1.146955
2.113128
5.634997
1.039221
0.320417
1.368561
0.703233
10.619800
6.603548
4.013977
8.206079
6.511876
0.825982
8.923254
3.100400
6.589393
9.056971
1.530923
0.466369
1.034747
2.228231
6.815319
7.885380
0.027906
2.859505
2.161093
1.004669
0.510722
1.647634
11.452484
1.561535
2.925811
4.856348
1.807898
14.271193
13.128039
1.160245
2.750637
1.431722
1.340999
0.150338
3.761968
2.794079
0.211404
1.306504
9.555444
1.095442
0.626123
2.689088
16.976148
1.108579
4.460620
5.735551
1.085333
5.210996
1.834091
4.002015
4.015351
3.069541
0.378517
7.214579
1.547241
0.825728
0.166519
3.575114
4.527407
0.066908
2.870522
1.027297
4.144497
0.766417
4.696850
1.955835
11.041375
0.591778
1.668530
0.481777
10.344762
8.393335
1.193309
4.315051
6.797936
3.240529
3.017118
1.107508
0.390905
9.100493
9.227098
4.010680
1.656186
1.718270
5.177862
9.096389
8.724530
6.054249
4.109243
0.351567
0.705177
9.152922
3.729976
0.036958
0.427988
4.356650
0.020298
0.701263
3.182791
4.709261
4.221766
1.015799
4.981669
1.083295
1.574540
5.489430
4.195095
7.567824
4.287253
3.360177
0.393428
1.833665
1.232641
1.118801
14.449238
1.997550
8.904221
3.989338
6.335301
2.793741
3.440624
2.713174
0.868860
5.127047
1.318309
0.098466
4.147875
0.779734
11.284333
12.310250
9.854040
1.849150
0.062309
10.542094
2.235753
13.603368
13.254942
7.669548
1.395104
1.945168
7.618907
1.524585
0.742874
3.254948
11.005174
4.763302
3.376449
0.408913
3.818123
18.442279
0.603682
2.921981
8.394435
5.400137
4.776298
4.849150
1.781969
1.390248
6.629498
6.645313
8.071800
9.778464
2.864373
2.784738
6.403800
4.198876
4.842203
6.354478
8.829294
1.649930
1.883747
0.394784
3.453656
0.146416
2.506428
3.129178
1.350523
3.574530
0.123900
0.152254
6.917405
1.786340
0.543556
2.954614
5.878592
0.972472
3.900878
0.356844
0.212260
3.031636
3.111642
4.058150
5.179842
14.894228
2.905164
1.560079
6.342616
1.263406
2.311934
0.326821
0.102710
13.149520
7.231071
4.762571
2.103439
0.761226
0.680483
1.152024
3.187163
5.015397
4.317561
1.313649
12.392414
5.356070
3.232922
3.784122
2.176151
1.138645
1.760057
5.672727
0.057992
0.493522
0.188378
0.166326
7.736812
4.864962
2.571138
0.411828
2.706072
2.565801
0.760779
2.275597
2.033346
3.826890
4.032458
0.185449
1.877536
3.932500
2.797758
7.765398
4.299899
0.711411
0.292730
4.113577
0.107476
3.525390
11.269022
3.427130
1.965203
4.123309
2.451824
3.155257
11.352509
1.951710
12.996367
9.430305
0.871585
0.287537
0.424901
0.073560
0.396820
4.595499
0.295399
1.536629
7.454104
0.094188
6.738122
1.324334
0.503000
4.772622
3.965597
8.397663
5.313174
6.507983
1.325335
0.781333
5.555026
6.576837
18.628020
2.128317
1.860976
5.991818
1.666935
10.680552
7.819357
2.241422
5.559139
5.618532
0.435350
9.313783
2.814830
7.005330
1.542942
9.035162
1.971954
0.043587
9.431629
0.382902
1.538615
11.987890
12.031798
3.407989
3.996920
2.380059
1.388091
1.593945
4.465294
5.583351
6.272782
6.235324
0.382548
2.728198
0.237127
3.189845
2.330221
8.746475
1.728766
0.498024
0.617231
5.733722
3.851623
0.426435
0.351422
4.828834
0.302184
6.900743
4.899999
0.339395
0.354615
17.261834
1.875350
1.852221
6.702302
11.768658
17.075096
5.599597
1.888084
0.348776
6.004970
3.269442
2.208133
9.472951
0.471521
2.714020
0.045674
2.529417
0.231802
0.505964
0.500105
4.190274
5.482391
3.502215
13.098881
1.879186
1.345877
8.118010
1.012328
13.211480
0.048916
14.010108
0.176476
8.870885
3.000573
19.827314
0.306646
3.228439
13.934301
2.961776
3.970513
4.759605
2.424511
3.950697
3.511303
9.256931
0.186046
1.319371
12.015984
8.838703
2.432701
3.871732
1.299494
0.833617
2.492234
1.743814
3.504975
0.323689
14.659840
17.135462
4.791456
3.072314
1.481517
6.723629
4.617318
0.709895
9.673204
6.915978
11.966954
5.174416
3.801616
2.166810
10.796073
8.041570
0.185092
0.106883
1.889391
6.654591
17.457102
0.652038
3.606897
1.917895
14.014834
7.383653
7.288760
2.529662
2.143340
1.277556
0.232108
8.001705
6.704470
32.689782
22.779494
3.242606
5.861132
11.584687
7.579088
1.136610
2.395307
0.553185
12.320895
3.727391
1.038415
4.455318
3.850682
1.773682
0.482156
4.453765
2.938442
5.919228
2.937239
7.647080
3.211016
3.292458
8.371035
2.066589
0.575552
0.116820
5.628230
3.873596
4.870661
0.957926
0.586450
0.058606
1.726749
3.565590
1.991927
2.301278
9.380246
1.712410
2.886100
6.123487
2.020321
3.892362
7.932563
11.944762
0.636328
10.446651
2.710011
1.194942
2.458348
15.654612
2.713965
1.594464
4.013945
1.098514
0.315581
0.551901
0.548074
0.659040
0.597840
4.096336
0.802985
1.696557
9.083897
2.569525
4.405156
0.756514
0.854204
0.166909
0.740189
1.306192
0.779247
0.371544
0.514225
2.470517
0.924369
1.811924
2.800021
4.689830
0.160423
6.425977
3.954375
0.341182
8.272539
10.146774
0.252091
1.296707
6.563741
5.517429
0.815919
0.939596
1.851140
2.650650
3.852007
1.841250
2.483564
5.504916
0.149492
1.163746
4.997967
9.023067
2.867116
3.038118
0.453445
2.372573
3.042427
1.110771
1.254698
1.894660
0.081101
1.554899
0.950228
1.586997
0.510252
8.848320
3.601595
4.546532
6.226836
2.760146
0.363728
3.081033
3.535692
5.472867
2.260139
0.545939
1.335049
1.804459
4.152898
3.383127
1.760827
17.224783
3.723332
1.083178
0.429372
0.663553
1.129227
0.700659
0.825967
1.342423
0.761610
9.083006
0.334543
2.973649
2.113222
16.154569
0.475309
2.029032
13.956239
8.024976
6.794652
1.193100
0.749598
4.418238
10.601540
3.254602
3.390910
1.313900
5.869895
0.828312
1.564351
2.216578
2.833940
1.110450
0.487933
3.772799
1.362253
3.481812
0.670659
2.624486
3.042189
0.212859
1.641534
0.577397
0.261889
18.404805
1.556520
6.640282
1.175555
4.576565
5.712265
3.621786
2.551427
2.123031
1.716173
10.610224
7.102428
13.412706
0.530914
5.250205
11.144509
0.799823
0.275241
5.405573
3.417709
7.376309
0.602233
6.344200
0.900719
0.714861
0.717779
6.740413
4.376855
2.961504
1.777846
8.388811
1.993251
6.784331
2.313100
1.892478
2.484644
1.434581
5.507109
2.794411
1.056970
9.193359
1.937327
3.137130
9.477982
3.915197
0.497258
11.242467
3.952308
1.631305
0.599907
6.320006
3.871102
3.049655
8.973213
6.215960
0.657965
1.494250
1.142678
5.449472
0.136430
3.374854
5.749655
8.374669
1.674698
6.887232
0.468976
7.494976
0.545519
2.025259
6.384021
0.649687
1.041572
5.124172
5.092385
4.099377
4.736007
3.129876
1.160335
1.696733
0.801605
9.563505
3.502436
2.048983
2.479630
11.771295
0.665878
3.529778
2.819978
3.781377
0.073105
8.226774
10.759954
3.330862
4.771483
10.229877
4.913590
0.662042
3.434809
3.732883
2.207498
5.333961
10.894708
10.391505
2.397457
0.480715
16.756696
7.302872
0.532584
10.145232
8.157696
2.926206
3.578855
2.036659
0.225273
1.633060
6.495232
0.018571
1.622856
2.031112
3.083532
10.095702
1.700708
1.704426
5.350036
2.407511
1.017530
2.409129
0.607280
0.776218
2.759552
2.171505
9.853171
1.800138
3.475610
4.001563
0.052724
4.357073
0.784235
12.983993
0.643788
2.142004
0.356854
23.072326
2.790187
3.619277
0.277728
5.544545
0.942411
9.133259
0.918355
0.846282
0.148937
2.555143
3.328176
0.271868
5.976010
2.415339
2.972631
2.324726
2.048393
3.280654
0.674812
0.803220
7.915797
11.683647
1.869209
1.262925
4.131293
2.101958
0.102857
0.679134
5.034733
4.302599
0.109879
1.003972
1.051046
4.457659
0.079630
0.439744
6.436074
0.786711
4.230796
1.088194
0.418960
1.114478
5.124379
7.743345
7.093004
2.024570
4.411507
0.917574
1.387734
9.066395
0.052349
0.357549
0.932201
0.107562
0.800812
3.499075
2.188745
8.927452
6.802784
1.673091
1.201305
1.910159
3.569271
1.248247
3.914249
2.106544
3.212269
2.291702
1.395200
11.861069
5.769018
0.603818
8.114020
2.673281
8.998158
6.434858
2.215026
0.090902
1.251602
3.120351
4.014789
1.193019
0.600298
7.205548
16.642497
2.983578
0.753419
1.271506
0.074248
9.827554
0.501124
3.436963
1.281125
3.231342
4.215555
7.081757
0.924810
0.044227
0.588832
9.211086
8.282405
3.639377
3.670335
4.374937
0.771288
9.832838
2.170439
1.932443
2.926868
0.192419
0.727447
5.358156
0.345713
3.696809
1.126000
1.972569
1.362609
1.758194
5.078256
1.410286
3.342574
2.585439
4.358664
11.047687
5.275621
0.967982
0.126719
1.216677
3.616243
0.211181
2.743624
3.633715
1.627328
5.894600
0.450876
0.312442
5.210590
2.736681
4.664171
2.282496
1.131585
6.839295
6.426086
4.745795
1.270614
3.568644
1.791240
0.384203
9.970799
0.588522
12.001963
2.362404
0.818921
3.122679
8.252567
5.270431
6.571175
4.300951
4.714215
7.567088
1.148958
2.688871
1.000053
17.582234
11.533855
0.160900
4.890926
10.374334
0.796611
3.356812
9.883461
0.138142
4.781642
1.411580
10.328995
14.169880
11.548695
2.571446
7.923243
7.445709
1.537362
7.062390
0.150839
3.628035
1.045505
0.513911
0.320301
4.766712
1.661304
5.160546
0.270360
1.515042
3.101694
6.256389
1.535318
3.932836
8.685447
3.827026
1.060863
0.098814
8.163927
0.085995
8.308231
3.011055
11.191967
6.413490
24.728778
1.727514
5.830101
2.056196
2.614749
3.950132
8.275656
16.561588
5.848788
2.163537
2.188278
5.351271
1.091316
0.468267
1.751677
1.354436
1.405659
1.064245
0.172019
0.072142
17.599912
2.232879
1.940155
4.553331
0.984901
11.979825
6.173571
0.374655
2.162259
8.451772
11.582246
2.519950
3.801577
0.731050
18.917779
1.054153
11.440037
4.195252
3.743289
2.875407
1.048940
0.776903
0.996340
0.825334
6.048963
1.723903
0.238332
13.908337
8.609284
10.510618
21.120199
0.764135
2.018327
5.679214
4.763182
0.668452
6.767652
1.016683
1.013471
3.079892
3.595178
3.470823
0.383784
8.397299
1.234806
0.554819
8.783832
12.462705
7.925707
6.632750
4.259650
3.201659
0.364020
2.100058
1.865248
1.203090
5.141022
2.739730
0.338078
0.994785
4.598681
0.316739
7.620794
2.733948
2.620221
3.589952
6.964592
1.709673
4.533016
3.336373
1.242593
8.435646
6.386601
4.297066
7.604023
8.078483
4.928981
7.256347
4.782319
4.559497
3.855746
5.588882
0.690777
8.510185
8.218013
0.118734
6.990590
0.551856
1.632588
5.442635
0.701034
6.814270
7.138361
2.832781
0.025625
1.353309
3.838118
15.892654
3.996663
1.203359
4.020550
3.105988
6.053701
0.452588
5.725634
3.117144
13.186485
1.673424
4.005455
10.754644
0.432612
11.073016
4.657544
0.280991
1.432210
4.926364
0.278904
3.490727
1.697877
3.879985
0.187285
8.208451
14.520778
13.879343
5.539611
0.557445
5.679623
0.099577
0.089488
1.563943
2.682751
5.885796
4.599143
2.361660
1.278765
23.406115
2.221767
2.401448
0.714707
6.335267
4.732529
0.997794
0.343892
4.563983
4.251180
1.276743
12.052618
0.655057
2.264894
11.502274
2.177029
4.070260
2.027297
1.282007
16.535082
2.106018
8.981010
1.045223
0.958640
0.126516
4.218383
1.838796
7.990952
2.563812
13.792329
0.820849
8.118742
5.995109
5.894768
7.451730
5.725568
3.936355
0.562776
0.132268
10.145533
3.835231
6.369090
2.627433
0.499117
0.534975
4.627915
2.250623
0.895199
2.705904
0.265452
3.488822
1.253331
6.389229
1.486354
2.429494
0.046754
0.300821
1.993570
2.615235
3.665368
1.379339
4.749536
7.867950
6.053803
0.161700
2.619607
0.443414
1.108525
17.268731
0.614916
2.763704
3.850970
4.848893
3.280730
0.039276
1.580839
2.916852
0.367876
1.726992
0.135067
0.327351
2.022843
0.569554
3.353070
4.677834
6.449503
0.893325
0.733205
0.441795
4.047136
4.903180
0.128383
11.008776
0.213482
3.117404
4.938560
8.190814
5.008270
6.472463
1.658731
6.745818
0.334026
9.008201
3.172687
6.799590
2.408244
4.126556
2.989591
5.260951
0.340620
0.249000
1.135309
0.695246
8.216142
0.989817
14.896411
1.643292
0.804148
6.236852
4.300065
2.758180
3.241993
5.080476
1.037440
22.434525
14.722560
4.203012
0.890287
4.560591
0.299749
0.124528
1.191915
2.484221
8.108080
5.195612
5.430152
2.216974
1.698194
1.854743
17.576256
0.163743
8.070572
3.457407
2.309396
5.167686
2.667337
8.267625
9.238514
2.190795
1.296432
3.589388
9.738224
0.946244
3.901686
3.993912
5.283720
0.564263
5.032660
9.589013
0.792258
1.084838
14.216708
0.798572
7.707159
2.711284
1.135988
8.184024
2.357349
2.892919
1.780360
3.595285
0.714229
1.984284
13.948632
1.194344
4.277030
1.573297
5.939567
0.561067
14.002442
2.419004
1.077014
0.305351
0.744152
2.933993
1.643940
7.061640
2.254709
1.143877
3.840396
4.907290
0.731088
0.733861
0.149443
5.333320
4.360250
2.574617
7.435970
6.552793
3.521324
8.108043
0.921887
0.474772
1.257471
0.235124
3.030056
11.033525
0.160554
0.520936
2.407373
10.864835
1.520102
2.830890
0.169847
0.642287
17.259004
13.423217
0.019809
12.130563
4.076838
8.097338
2.425969
2.899344
2.684342
4.396821
0.601670
0.121728
1.472272
4.878793
0.901852
4.476474
14.014522
0.394426
4.466316
2.346151
8.104126
0.779924
4.718760
7.283483
11.573730
4.598545
2.750050
3.847739
8.127332
3.381556
0.123433
10.691622
4.678630
4.514390
0.971728
4.302148
2.002606
4.213405
0.450852
4.289969
29.766892
0.197652
15.119452
2.089623
8.184134
6.100120
3.348220
5.364507
8.431876
2.071000
1.584237
4.405585
6.597831
5.746733
6.394262
2.287850
6.811352
0.512284
3.145343
0.023101
1.569717
1.825738
2.017868
4.755906
1.967741
2.381858
1.084843
1.868842
1.031300
0.304052
3.699798
4.413046
3.864975
2.490710
1.910761
7.960851
2.928232
2.609418
0.103906
1.669632
1.913405
2.035462
3.471644
3.050868
3.745005
5.790693
6.706282
5.065139
12.451195
0.073603
0.871520
0.030366
4.170532
9.132328
1.116117
10.471077
0.248640
10.898916
1.733130
0.427762
2.661130
1.187034
1.341180
1.468575
6.498732
3.098829
1.491843
3.769859
5.037247
1.273247
2.134665
0.519916
0.799414
4.571735
0.800826
2.979138
4.938364
0.452124
3.350955
1.185884
13.179452
2.643073
6.559435
3.196045
0.177532
4.011224
12.096802
3.681314
6.841209
8.623786
1.035496
0.953256
3.776508
2.117510
7.326860
9.211265
1.744242
1.081310
6.066077
1.285264
6.917716
2.204773
4.405062
0.401648
3.911168
2.404225
3.533440
0.735760
5.340485
7.945177
0.977161
0.402441
0.095690
4.108571
3.736740
3.164782
1.055587
1.983131
3.610304
2.746807
17.620533
0.586766
4.751670
2.072198
2.235861
5.057691
4.716290
18.957547
0.549672
0.439749
5.154331
3.454669
1.281706
0.331003
0.358203
8.984474
0.852116
1.562532
1.028127
1.753997
0.287805
2.928049
0.280027
6.444888
1.064789
3.106219
8.483691
4.209328
3.045343
1.568224
1.619872
4.428437
20.557987
4.336935
3.263822
5.246982
2.503492
0.248107
3.304857
12.644814
0.770957
4.684795
0.897245
3.069998
0.406698
2.394047
5.645027
1.708215
4.373445
6.347771
10.478939
1.069647
2.038745
0.661461
19.562620
10.469236
3.105742
7.381484
2.943868
3.908259
0.373396
5.630406
0.546549
6.996355
6.093556
4.934220
0.147321
1.444616
1.221281
1.786001
0.366895
11.055805
3.227972
1.458392
2.023230
2.371054
3.671111
2.900033
10.072628
2.748370
19.393053
7.626660
0.935355
10.671198
0.494851
6.802918
1.916166
8.414095
8.101532
6.558051
6.243171
1.453527
0.337525
2.063220
0.762340
4.749133
1.699202
14.854361
4.097420
6.914701
0.568673
7.922426
10.243206
2.670401
3.728186
5.789443
0.768705
2.793170
2.034399
0.633048
1.832518
0.282429
0.104604
0.580872
13.199813
3.189851
13.504711
2.266043
1.494797
2.822028
2.315788
0.446698
4.095797
0.973580
3.866001
4.201587
0.659616
0.253249
6.070382
2.463266
0.239696
21.087728
0.238068
4.750236
16.461192
1.093434
0.613767
0.517634
1.445459
0.426093
4.712718
0.257266
2.848685
22.851520
6.727395
3.820328
1.462595
3.911557
2.994990
2.221085
0.560316
8.707484
2.389782
0.865777
1.833941
2.138628
7.030311
5.291241
5.866633
0.044370
2.152472
2.626059
0.077515
1.203411
5.713299
0.589871
3.065540
0.969315
0.048779
1.104076
14.897820
6.468613
12.833390
2.676582
0.464950
3.175934
2.423311
7.440764
0.412929
2.679607
0.650305
1.570250
5.347840
2.585193
1.885704
2.006646
2.460649
6.148777
8.905634
12.434232
6.184039
1.515723
4.660736
2.302190
1.175716
7.352175
0.156736
9.281448
2.475704
4.055631
4.307645
9.019668
4.049772
3.806983
0.275909
2.922632
0.650871
5.349008
2.871579
4.560585
0.170264
0.354416
5.039682
0.299258
0.295692
0.048730
12.540106
5.350144
1.743191
1.406952
1.721306
5.960465
4.331396
0.819229
0.765172
0.414318
4.318802
5.782015
1.231792
0.084670
0.342980
13.750620
1.400754
5.865216
3.919730
1.924677
0.921112
0.517640
3.818183
5.960114
4.130223
3.022663
0.171426
13.829646
6.412118
1.385892
15.642162
3.684023
3.493142
5.514467
6.680358
4.274024
0.548303
1.651576
10.529006
1.017586
1.861924
2.263077
2.315026
3.796698
11.464142
1.101395
0.518164
0.879947
8.718812
4.151696
1.346967
6.770125
7.903787
7.496593
10.049598
1.162698
5.626673
2.468743
7.380604
5.215035
5.992435
4.270337
0.781281
3.150068
16.711706
11.083198
0.176534
0.720407
0.565005
5.178215
6.810279
0.960708
2.819686
7.347940
5.279054
3.125617
3.569786
2.840039
1.412715
3.329839
4.670375
8.264456
4.045609
5.727202
0.697755
2.476298
0.037502
1.133055
5.185255
19.219342
0.417791
2.053277
6.439171
0.912803
3.239488
5.283095
3.828299
0.833142
1.756405
6.126053
3.231777
0.020973
5.725012
0.143800
5.477494
0.904996
12.687347
1.835089
1.583633
0.644846
1.458853
8.370942
22.434985
1.837423
2.381256
5.121557
8.693103
3.596204
1.987202
2.128346
4.757889
0.012894
3.866016
1.757078
6.323350
0.390410
3.548892
2.623197
4.112528
0.268209
3.469848
3.297441
3.289928
3.700193
4.513828
6.538797
1.257861
6.973007
2.758658
0.320757
0.241340
1.627294
6.146553
4.919638
6.216296
2.913183
2.320696
0.638106
1.591135
2.276782
0.371095
0.996985
3.647455
5.322124
25.621892
10.819022
4.115209
2.187525
4.044355
6.160611
0.503778
2.109886
7.325386
1.936949
3.393335
3.544689
0.815699
1.799144
1.628934
0.106184
0.097957
7.127958
1.275705
2.919898
1.419424
11.299184
1.200621
2.246068
8.245786
7.378959
0.823678
6.490970
2.451337
2.638609
0.573080
0.336143
5.206920
2.744378
2.296842
5.230054
5.801419
0.692218
3.768744
0.581741
5.567240
4.279576
12.550531
0.285804
0.234988
1.326185
1.213651
1.134648
9.468690
1.148309
1.269541
5.698449
2.389456
5.997146
0.270402
2.674374
0.136766
0.258808
9.476500
0.599783
3.040745
2.117966
1.706816
9.203680
0.088260
4.360074
13.230220
3.285451
11.047226
0.214691
2.170595
1.205273
5.249514
15.916305
1.185708
4.247285
0.883074
3.332675
2.493981
14.302965
3.751358
1.720095
0.484586
0.655947
1.021205
1.155887
7.604942
3.295054
2.964235
0.487626
7.868445
5.132270
0.280267
4.921748
3.137001
0.341035
2.452176
2.651995
0.725006
11.652788
7.587823
4.422818
2.481785
2.122519
4.210429
3.153630
0.257186
2.873882
6.567919
2.459118
0.213420
6.172320
0.899399
1.196972
0.719888
1.603194
5.654687
2.930762
0.917055
8.409370
8.467140
8.178721
1.091417
2.400372
16.796063
5.913857
0.110173
0.269710
2.493972
9.597274
3.094842
2.755127
0.445844
4.277536
6.906206
1.914854
5.977512
13.350261
0.911451
2.963720
1.353869
6.297334
3.447147
4.026858
6.396251
2.016529
9.864657
3.045951
0.687686
4.761583
6.305199
1.523646
7.784660
9.463943
1.296856
16.422788
0.606602
0.902665
0.814466
8.976876
4.248650
0.659991
2.321585
3.821145
0.348616
8.562422
6.510480
2.814461
13.660368
2.163497
16.568342
4.409517
4.027831
0.725871
8.545834
2.230898
0.708063
0.050751
3.281702
2.998020
5.082639
8.838494
0.330947
5.259565
0.830124
7.812703
6.838437
3.113023
4.954848
1.509553
2.548337
6.895736
2.459305
1.771411
2.726554
7.046844
1.633125
0.763488
4.979374
6.994299
0.424276
1.097085
0.612474
1.710483
2.393901
5.526443
4.212425
3.880122
1.737773
7.366679
2.549239
15.472970
4.022042
0.539911
4.510240
1.572787
4.637619
0.288740
0.768913
7.744476
1.030834
7.257030
1.309997
4.118755
4.738649
2.875130
1.457162
0.956301
0.135010
1.449314
4.235599
11.142198
8.198117
5.810844
6.213125
4.374319
1.205971
9.509020
4.443537
3.287930
0.470585
2.369991
2.467399
7.997013
3.164348
1.914728
15.054469
0.469375
2.196523
0.171733
5.386820
10.007880
1.314224
7.817349
1.382478
9.666159
5.609076
6.537111
0.072683
13.166900
5.188316
1.453941
7.073609
1.322476
8.246527
0.477749
4.865342
3.112193
0.406069
1.107727
0.049926
2.530226
1.433936
3.648771
1.410947
1.426238
5.437725
0.197361
9.327849
7.649310
4.408129
3.597947
8.913716
0.819890
0.329047
1.095170
6.330761
0.141142
3.496824
21.559552
7.743335
2.947942
0.263025
7.120277
3.654961
0.488368
0.394234
9.615231
4.424968
7.071081
8.447161
3.392401
2.914653
2.251476
1.524729
2.280859
5.946752
3.684444
8.921924
2.343490
3.736695
3.991170
3.582985
4.851163
1.084262
2.872742
0.440263
1.941355
2.675122
4.224790
12.025641
3.671679
5.443971
2.823034
4.021625
0.294294
1.174219
1.796747
2.558375
0.186894
0.603404
1.296357
14.235996
1.609960
2.631437
0.873110
3.774443
1.317814
0.927691
2.907417
0.022084
0.030774
0.989073
0.149650
0.457272
1.655163
6.489802
3.394983
2.875236
1.389665
10.738529
2.023452
0.364484
3.839576
0.483424
1.693843
2.832328
8.292964
2.721292
4.846122
19.744063
0.563901
1.284854
2.007305
2.191537
2.117460
9.526990
5.007510
3.745007
1.480620
6.944324
12.409754
6.885911
0.006265
4.046819
0.209957
1.191507
0.245480
3.703299
4.640971
0.486355
1.936987
2.436964
1.842134
0.515995
2.171659
5.564071
0.294619
0.334309
1.752602
11.370377
4.417387
4.541146
1.797166
3.602268
0.040731
4.043461
9.780603
3.792916
8.276336
5.149027
0.513873
9.309696
0.275017
3.053999
0.613244
0.047103
2.192963
1.398461
2.662132
3.443423
0.178898
0.525008
3.271599
1.681304
5.225107
4.225565
7.472948
4.717027
2.247992
4.470772
1.288438
1.462941
6.223307
2.365393
6.405489
6.913390
7.795403
9.938118
2.255395
1.535990
3.490998
1.855593
3.675919
4.891071
4.664204
1.877154
0.730215
2.252192
0.615376
8.832630
1.697842
0.671118
0.103109
4.151827
4.052334
1.665725
0.297653
2.108016
1.491319
4.521906
3.723377
1.813963
0.983053
17.703401
2.420557
4.662526
0.605864
2.658936
0.111692
2.816469
13.298880
1.939376
0.159107
0.125780
1.964005
0.697532
0.094516
5.645852
2.453819
1.365709
9.213669
0.493822
12.486890
1.507317
8.771469
3.694700
7.011094
16.543958
1.360988
12.990695
1.973789
1.947863
1.664409
3.118374
0.669630
3.227159
3.120967
5.740289
7.174644
2.322428
1.440055
1.200827
0.865783
0.237504
1.676926
1.260200
13.574987
3.263147
1.706410
3.474458
0.599557
2.348263
3.936505
2.684743
2.055179
20.364165
8.491560
3.906350
3.370092
3.877295
0.899140
2.011018
0.161037
2.581591
3.132503
1.033786
13.300152
9.607616
5.122598
3.049017
8.159934
0.560049
6.252313
0.533307
6.323609
1.290572
8.385231
11.532622
0.644414
2.484613
15.850609
2.642003
7.967116
3.554036
1.882126
1.346277
0.908722
5.738548
1.954564
2.863825
2.711659
3.444172
8.027059
15.798763
2.094186
7.029871
5.784650
3.408843
12.498551
0.894947
0.462830
7.695553
2.313206
7.508455
8.943079
0.257973
8.598246
2.379142
2.856932
3.940340
10.435496
0.077205
2.591498
4.655446
5.130722
4.717543
0.577492
1.423247
1.777128
6.527495
1.307133
0.946460
12.628115
0.035611
24.515292
4.518199
7.051972
1.396071
0.057675
5.355652
7.186556
5.395626
0.616571
5.600404
5.860013
4.298105
5.811719
7.481171
3.803571
0.371114
2.674816
0.323319
2.093908
2.090962
0.273158
1.715880
0.470624
6.605943
11.802120
0.300259
12.414625
2.957406
1.424219
0.319906
2.777586
6.329540
4.911511
0.206125
0.302783
2.062504
1.399878
1.057864
1.319601
6.508020
10.593170
2.077466
9.462568
1.551458
2.588392
1.024883
4.091898
15.449336
3.700247
1.771510
4.174422
0.524631
8.780634
2.797337
2.386622
3.526251
3.921012
0.297928
4.590587
1.107927
5.006391
6.915923
6.517716
3.216324
2.937293
0.616691
5.972778
1.266573
2.746239
1.337832
0.574689
3.972230
0.223455
5.523560
1.528480
0.000539
2.862628
0.191940
1.292792
4.910010
0.258963
7.313822
0.015309
1.133825
5.402227
1.520770
0.429862
1.786611
1.260999
7.398705
1.503710
6.222309
8.897764
2.275355
9.629256
1.894878
13.305668
0.374121
4.646455
2.723405
1.961797
4.006435
4.867653
0.017491
0.730661
4.993734
4.391076
13.531172
5.725799
12.045228
4.849909
1.415585
0.445358
6.089810
4.132975
0.197543
1.785464
12.567642
2.775799
2.267674
2.447741
0.937236
1.839942
1.846956
0.215101
5.836624
2.154874
6.907931
7.597771
0.952999
4.284224
2.556771
8.486282
0.972062
4.530495
3.743445
1.399941
0.587513
4.218073
5.366775
1.517011
4.140664
2.010973
4.995977
0.888653
8.836926
1.355394
1.834109
0.239390
0.472938
2.901540
1.245674
7.218898
0.059210
1.906303
1.646006
0.078067
0.531239
2.135304
2.715909
2.072004
3.028079
3.616774
0.039894
2.495195
13.241689
2.927820
4.527133
1.495074
5.948729
5.929838
2.946692
14.921110
0.536642
0.068372
5.881456
6.583485
0.512276
1.234712
0.070833
1.388645
5.933722
2.918917
1.711429
1.859200
0.005418
1.425560
4.159020
14.628662
7.510860
0.095511
9.153175
6.115091
6.063355
2.449926
2.030027
1.443396
0.271809
1.036303
1.132655
2.647192
5.504496
2.568370
0.238340
12.660374
11.439517
6.151997
18.990578
3.145283
13.162384
0.314463
1.820812
1.021537
0.871794
0.607028
3.895824
6.080617
3.453829
0.635808
6.666653
4.041908
1.965175
4.485031
1.203907
1.693654
9.979142
1.372805
2.539425
8.834235
4.920191
0.256888
0.637404
0.031490
3.986987
2.374463
0.576751
12.674073
3.017195
1.107725
2.777420
4.552994
0.317209
1.284701
6.579545
2.462263
3.163721
2.268286
0.179571
0.724888
2.359054
0.938767
0.205085
7.422624
15.894004
6.302908
7.690706
1.108167
12.938697
0.877232
12.098981
21.051256
4.975331
15.883640
3.371601
1.201944
2.297873
3.601285
0.303559
3.895078
15.890881
0.843416
6.292330
9.539469
11.508356
12.889087
2.948059
15.142955
5.663885
0.705381
2.591931
5.068093
1.136568
4.093446
4.393655
0.710290
3.330422
5.907099
2.763764
0.048708
0.036318
1.766625
10.425265
1.038591
4.024465
1.004505
1.552485
7.536607
5.220501
0.401046
2.239377
0.118415
2.622559
4.343977
0.504533
1.363684
2.028906
10.079534
19.995824
0.183804
5.725300
1.859103
1.993337
5.614006
10.025000
12.057915
3.442692
1.767196
6.196177
1.156073
3.321131
1.776274
4.275799
1.099847
0.850758
10.015824
0.429466
2.820538
0.998221
0.158832
0.146734
0.770563
8.062724
1.327811
12.019832
3.485483
2.295162
3.470848
2.908457
5.688121
1.327907
1.741947
8.980825
11.709044
8.923225
2.175104
6.063162
2.587618
2.752956
0.916043
3.577435
0.823848
1.611263
7.724919
0.928111
0.295268
0.286017
11.306289
2.828339
2.106547
6.661464
7.227312
1.615012
4.731691
5.898279
4.252795
0.657589
8.346125
3.098249
1.327776
2.215129
0.153180
0.547252
5.801996
0.000047
2.155295
2.956850
0.224734
14.459270
1.025381
1.450765
1.449292
1.047624
0.005900
5.227638
13.626307
1.015924
4.351250
5.417576
7.546709
2.197082
1.443483
1.573920
4.987818
6.788259
0.801685
1.854121
9.288711
6.573913
16.761238
5.613734
1.998192
3.572620
4.327189
0.326818
3.145412
4.942140
0.732430
6.068013
3.506096
12.164742
0.173394
1.233314
3.680732
1.407090
5.012991
5.691921
0.432640
2.884989
2.844353
1.843578
10.807767
7.029579
4.778855
5.011625
2.477477
10.152952
4.744472
5.222266
7.913057
1.281216
6.581730
0.868848
1.694569
1.635547
15.363550
7.766719
4.831520
5.193966
3.302810
11.756702
2.742770
1.915485
0.711894
6.170963
5.303717
1.940339
0.102065
7.305337
0.045935
4.865528
14.060661
2.302604
1.071379
4.881371
6.795878
3.162425
13.649269
0.212206
2.811139
5.069837
7.940614
0.790174
6.437821
3.218166
2.020393
0.564941
8.018695
0.684450
1.483025
1.370218
8.204630
4.467549
6.371924
1.153225
3.921974
3.392155
7.154985
9.461548
0.048925
4.483676
0.212910
3.183898
1.356647
1.465612
1.741379
3.883964
1.626163
5.277520
2.073600
0.283206
6.125463
1.346136
2.267940
4.626371
1.616601
0.232999
1.873115
11.561785
4.105923
4.452620
4.001757
0.887538
2.167435
5.560243
0.427548
1.302105
1.293619
2.262669
15.722529
0.279555
2.925066
0.790706
14.117470
0.481010
2.067382
5.355888
4.877083
2.197771
1.701799
2.027417
1.227602
0.919328
2.639157
1.250817
1.355686
4.277256
13.835814
3.701701
0.320415
0.314371
12.098439
1.411248
0.386339
3.655620
3.908930
4.182237
1.244633
0.060904
13.411386
1.155494
4.508372
4.905281
3.766510
1.501145
1.264854
3.641913
8.042518
11.729808
0.447777
0.672863
11.582553
5.335342
8.582114
0.905759
3.542909
4.831115
4.559136
2.098020
0.062058
3.497967
1.167304
2.393197
12.640637
2.036876
7.325369
0.835684
4.464586
15.090254
0.429865
0.033419
2.273697
0.388800
5.519410
9.839233
2.276793
1.197462
2.279496
5.141423
0.036382
3.561069
3.800338
4.061001
1.108404
5.007791
0.383364
0.888928
8.397599
5.368699
0.055364
1.142078
0.965263
1.263264
1.137735
0.258266
2.456904
5.278036
3.733053
4.469611
0.338526
12.104000
7.292798
6.540876
6.926056
10.795005
3.143278
0.893985
3.836622
5.432873
5.356382
2.947970
0.283659
1.855214
10.141430
3.512599
3.091637
1.252566
1.838306
9.028386
4.392006
6.193127
2.423077
3.979683
1.142117
4.889373
2.231678
2.337498
4.191551
11.013066
0.264586
6.966013
1.383410
2.347369
0.088628
1.432682
2.793694
0.231263
2.701981
10.475250
0.445484
5.783171
2.108301
4.258858
1.205699
0.694996
0.699617
0.292399
0.821444
4.365189
8.537809
6.730738
4.622436
0.468077
1.365386
1.483135
1.150499
2.894472
3.067638
1.765733
1.746518
7.053985
6.229144
1.471497
9.803804
12.214718
1.582510
1.750455
2.817918
11.329070
8.360212
0.432872
1.995132
3.224110
2.797727
0.862007
7.830787
4.519679
7.278374
7.829300
5.518957
2.313639
3.772046
0.699154
4.479083
0.790163
4.736022
1.043372
0.500218
0.722657
0.007976
5.073898
5.273063
2.893876
0.703908
0.349010
0.077257
0.724880
8.860332
1.105844
1.749503
0.445271
1.005973
2.929420
3.743451
1.126017
0.237863
1.983964
1.067355
0.991559
12.861807
3.831582
3.255645
2.149877
2.241074
3.113993
4.768570
4.844609
0.753490
2.773491
2.123828
8.177131
3.992378
3.041459
0.490455
3.721943
0.498644
1.645168
0.616532
4.711579
0.923958
1.989397
9.040968
0.914215
2.835522
2.173889
0.073161
6.295475
0.286181
2.571756
3.290093
3.960034
4.667114
1.168219
0.040116
5.141363
3.068524
7.234427
6.890166
7.414357
2.655089
1.623631
6.272382
2.400771
0.810630
7.723370
8.567307
2.511759
0.314873
1.962955
6.509138
9.281938
0.909976
0.277287
8.393697
1.973285
3.121457
13.776312
0.275535
4.180112
0.307980
1.883017
6.514779
2.272917
23.487414
3.275379
1.549492
0.994416
1.726336
1.864259
0.284754
1.845439
2.496265
5.131166
4.276946
4.934508
0.033595
0.981901
4.335103
2.646512
0.021311
6.528670
5.927867
3.180004
0.275100
5.818551
3.505527
6.092307
5.573227
6.498248
2.919312
0.604801
4.448705
3.875326
5.423110
0.744745
0.867529
8.844019
5.544822
9.553813
5.687111
3.636817
4.246801
8.797513
3.458654
4.002945
0.680671
2.569217
5.040721
1.264012
0.903861
1.506501
1.105653
0.967841
2.212503
9.536852
2.829468
0.832628
0.320381
4.764965
1.930241
6.900090
4.309487
6.363278
1.269520
4.715286
1.226438
11.192019
4.046521
1.569278
1.256169
0.847462
4.745068
0.987264
3.618469
1.229553
4.338470
6.748295
6.020766
5.722679
0.831653
0.370150
4.801900
1.837662
2.264974
0.126578
1.202132
0.137026
8.454005
1.115665
3.259788
0.159037
4.396618
1.560498
9.127962
8.761249
1.573893
9.248962
22.246709
6.981389
7.454002
1.145445
3.438719
0.278498
0.398919
27.223005
1.581896
5.516225
6.573324
7.808368
24.176589
1.105631
0.164750
2.118617
0.557419
0.090725
1.787817
6.125063
3.340509
1.500392
4.249222
1.055957
0.057943
5.781688
3.909932
5.747028
0.158865
7.258957
3.865352
3.314909
3.919202
7.993164
3.536616
3.479064
18.702009
5.654336
2.335692
4.915754
1.972142
1.039622
3.633805
10.534486
10.588170
1.673626
3.000373
0.951181
21.732985
15.878165
4.193680
6.527022
5.022470
3.597324
0.219295
2.426149
4.493091
4.527001
1.868017
11.368063
0.732601
2.775465
4.696154
4.777883
4.183764
1.287925
0.679390
4.041750
3.658190
0.790664
4.885007
2.429140
4.407598
7.265039
0.744010
0.077322
6.040228
3.763332
4.811088
7.284464
6.494369
12.968593
3.070923
2.681597
2.055904
0.667483
3.400207
1.297454
10.168830
3.500507
3.594198
1.753553
0.213558
0.129034
2.201976
0.353425
3.734225
8.513620
8.579414
4.304024
0.949131
7.951005
8.689507
0.875877
5.348891
1.350401
6.490910
23.567056
0.121944
9.106339
3.898122
14.504763
2.502025
7.519424
0.257702
1.633552
0.277471
14.810799
6.792506
7.656995
11.120241
0.355777
1.948421
0.294736
0.946907
1.042166
2.532781
1.250972
0.425792
0.733245
0.637275
14.459067
5.696691
13.738371
2.317421
1.304963
6.403760
1.579608
1.423178
1.058498
0.555573
1.185347
1.756003
4.483361
0.258431
0.945457
6.622423
0.635617
1.678125
7.999829
0.673321
0.345443
2.650767
1.440550
3.315028
6.514583
0.590051
3.476666
2.816903
0.622308
3.912648
1.278840
2.676428
0.343418
2.461665
1.463805
6.912463
0.234666
2.169315
2.453142
5.164025
3.415965
4.401003
6.003218
7.927894
1.506785
3.088958
7.333029
18.206947
8.811658
1.857469
0.868480
2.688617
5.413628
2.713579
2.640249
7.286329
1.793932
7.858589
2.088927
1.591376
2.420471
5.749457
0.538709
0.874710
12.100218
0.771872
3.354795
3.463479
2.690434
4.139681
1.044559
3.217766
1.861964
4.334902
0.608987
3.384051
0.819596
1.306485
0.987234
0.807671
6.988161
1.345851
10.475972
14.016447
3.387623
0.617275
1.877124
6.392652
1.831609
0.364153
3.254800
7.460441
6.357098
0.770085
4.468302
0.996432
0.984664
8.288173
1.148963
1.222012
0.002614
8.181522
6.292324
3.948236
5.549432
0.659728
2.452346
1.730643
0.393877
2.663144
10.140069
0.163534
1.378200
0.930458
1.088005
9.562805
2.524966
2.511681
5.718071
0.671272
2.671987
2.248372
3.634389
30.894118
5.869131
2.029099
7.030663
0.748734
0.123749
0.914878
1.664557
2.858143
3.819390
9.658794
2.852208
2.782807
0.206197
0.142142
3.204355
2.306285
7.309888
0.700651
0.101155
2.384363
1.084499
0.203550
5.158098
0.473301
3.749235
1.319852
0.762202
1.910540
6.466772
1.990937
5.557511
0.536349
5.927195
1.081639
4.525283
3.336830
10.588463
1.959666
0.273823
0.077365
7.014586
2.975536
5.970961
1.068516
1.692992
0.122265
13.027591
4.408890
10.824513
1.234242
3.781474
4.539031
1.528262
7.538375
11.762058
8.646256
5.373966
1.299956
1.323004
13.226494
0.041351
5.035828
4.900053
3.898748
18.464458
1.495165
1.661891
0.328918
2.339311
1.210092
1.682640
7.196872
10.963400
0.821868
1.864103
10.559542
0.255205
0.387632
0.710726
3.617575
0.652299
13.777637
2.367525
2.784751
1.132947
2.546767
4.337816
5.564056
5.607551
3.449968
9.388647
6.802001
5.659567
0.228845
0.027607
0.955300
4.356909
2.118658
2.059376
8.636949
9.036679
9.595294
1.506800
4.698379
1.267802
0.845897
0.816465
1.674856
2.248178
7.110223
0.510838
5.310983
3.032492
1.358402
2.715554
1.426369
3.626173
2.275542
0.718447
0.495832
3.164766
9.308045
1.686120
5.282028
4.299521
10.726894
6.881054
3.344425
4.280455
9.146314
2.040096
1.582820
0.043480
7.007488
6.457414
0.441289
3.440184
2.494348
0.505470
15.763383
0.966737
0.278404
3.613966
5.370897
0.131926
4.300180
3.039643
0.435980
0.757500
3.357081
1.405940
11.142905
6.831296
16.433905
1.202642
13.989551
2.257144
1.707892
0.206645
0.216833
4.710768
2.449433
1.027430
3.807364
1.166001
3.447511
1.780206
6.938921
6.874694
2.595376
1.728176
1.801179
6.553707
1.591056
0.938130
0.353963
2.514633
2.632140
7.353108
1.000203
1.918544
6.609501
6.940540
1.942003
2.458261
1.445521
10.785764
0.505174
10.857244
4.606362
3.033493
0.132817
2.581973
2.095293
0.703222
4.273220
14.182707
3.303870
5.017603
0.283624
2.162851
0.494815
3.795213
11.153712
4.336208
0.319651
1.751950
3.199932
2.064745
7.174501
6.742491
3.785258
1.870158
1.179291
0.447636
1.753385
2.132098
4.505862
4.293648
0.290748
2.011822
0.802491
0.682265
7.024847
0.171276
2.173277
0.736671
8.458790
3.257108
1.052638
2.792054
5.259414
12.691597
0.996133
8.692610
10.890876
9.927830
4.035975
3.975071
2.064764
5.583729
3.031118
4.525841
2.237669
5.259565
6.959816
0.633340
7.157363
3.108695
7.448708
2.257621
1.905958
9.863275
1.156969
7.437045
2.646754
2.886972
1.475385
3.404280
1.573422
0.160245
1.269809
0.025598
15.331884
13.495949
2.011134
5.213270
1.697406
4.447923
6.547854
11.731499
2.044718
6.116928
1.236595
18.555861
0.104430
3.700608
4.309431
4.659592
0.513096
11.156810
0.799580
3.899425
1.007593
1.468150
3.162674
2.159600
0.698488
0.749834
2.166135
5.663436
9.129744
0.351513
1.997591
0.422534
0.066927
4.335510
3.689733
0.711816
1.065315
0.095973
7.205960
14.706317
0.582229
1.053130
8.112243
10.439910
2.176340
0.207795
0.160755
3.412793
1.996215
0.116284
3.501098
0.045468
6.192844
1.463629
0.164363
3.550349
2.027895
14.568047
3.142793
1.287654
4.943765
1.267027
9.383778
1.878236
3.192863
0.207587
2.221348
7.143830
6.552354
1.016053
1.025142
6.799756
10.659872
0.400877
2.391774
1.646663
8.182123
0.348882
0.948594
5.584867
0.210625
2.713313
2.334353
1.628273
2.007281
3.019585
0.703930
3.394490
6.547901
5.711148
0.668470
0.646545
1.248852
1.791871
2.100074
4.553954
0.233401
0.141152
1.989733
4.778251
0.859885
4.103356
1.203491
8.689250
9.041550
1.411228
1.045427
2.119381
1.100546
4.463650
6.996287
4.472308
6.957058
2.023300
0.679914
5.356894
1.788115
4.450084
1.262373
0.338876
19.615273
0.679366
17.834247
15.138027
6.315986
4.308456
3.449171
8.042694
1.366805
2.522051
3.863920
2.118610
2.230876
1.603610
3.322579
7.603830
0.900223
10.898733
4.672977
6.932601
3.249441
6.047733
0.065332
6.823364
0.163867
8.825951
19.294672
1.392942
0.944503
5.798869
1.166901
8.026620
0.434096
0.538495
15.481904
4.481455
7.506322
1.568198
4.514024
3.607992
3.696789
4.589519
3.426046
2.241901
1.291428
5.854107
1.026142
4.715226
1.062810
3.926840
5.498701
0.987255
0.247260
0.561528
3.725587
7.573745
0.184162
5.299311
1.670062
2.604402
10.572397
1.613698
2.504474
0.055108
0.340483
1.196815
0.112990
3.991905
2.223280
3.177578
0.767777
1.403522
4.360487
13.444376
0.206928
8.843099
3.440409
3.319714
2.774818
0.287678
0.376701
3.674293
1.667876
9.968598
2.087482
0.618583
5.017120
1.388899
2.981724
4.787099
9.220919
6.284547
4.512507
4.553155
11.669507
1.402908
0.004451
1.269567
0.983047
4.336880
4.017337
3.600305
0.065507
5.219271
1.563471
4.375168
3.252937
1.678647
0.578144
0.396714
7.123713
10.023584
4.196867
0.436734
2.056840
5.221649
6.053256
0.503244
0.000123
4.981083
1.763931
1.174700
0.051925
3.108720
7.619285
12.645414
3.336493
2.889985
0.355571
3.184024
1.912008
3.737160
1.968842
1.099322
0.399128
1.512870
0.406558
0.778695
17.476018
2.348693
3.036052
8.273802
21.676430
3.495938
6.695347
1.583689
1.459658
2.061368
4.465158
4.585227
1.514744
0.571834
4.002999
0.549358
3.455671
4.729134
4.824053
5.601121
8.249848
2.772261
5.241027
3.861638
0.826326
0.104102
1.339326
2.341002
3.839988
7.587396
0.873847
0.536640
13.239575
0.457356
2.604116
3.523344
3.118085
0.359840
0.234870
0.445887
3.523575
3.144076
1.064939
4.061949
6.860694
0.169872
2.757656
4.675844
1.163078
1.471353
3.803921
9.128593
6.641334
3.499926
5.240619
1.815403
4.097347
2.510798
0.842569
4.839136
3.251911
1.776543
9.691749
0.084625
1.517863
0.234253
5.818761
4.844090
1.609991
4.503888
2.016309
5.646511
2.421891
2.126017
10.916886
1.155420
0.513367
3.513506
13.936813
1.898227
0.256178
1.657853
2.820326
0.706581
4.292974
24.386214
2.404019
1.752337
2.048000
0.489331
8.591690
2.143382
1.959352
4.311596
2.333825
4.179150
0.253661
6.722089
11.287382
4.185203
12.365972
0.656822
2.595880
3.683271
3.486576
2.053060
1.650469
0.542473
1.988628
0.710104
5.302539
0.936974
0.241401
3.215119
3.617742
8.220184
3.441359
1.695418
6.498447
3.108541
0.330398
3.337466
9.544673
2.018795
1.405759
0.619461
0.656884
2.267972
3.622193
0.336203
11.224985
5.628170
3.533590
7.051258
0.334339
2.591463
3.978016
7.056256
6.120097
1.297767
11.312755
0.531136
8.322044
14.153605
0.779943
5.121487
0.164478
2.079619
2.905023
3.476152
10.991569
