# Poisson Arrival Times Generated
# Generated on: 2025-09-28 05:59:07
# Arrival time: 8 seconds (avg inter-arrival time)
# QPS: 0.1250 queries per second
# Number of queries: 4322
# Random seed: 42
# Format: One delay value per line (seconds)
#
3.754145
24.080971
10.533966
7.303540
1.356999
1.356770
0.478710
16.089847
7.352657
9.850000
0.166394
28.028460
14.291436
1.909501
1.605432
1.620891
2.902030
5.951423
4.524297
2.753784
7.570967
1.201876
2.764124
3.650218
4.871478
12.303488
1.781887
5.776233
7.180038
0.380511
7.482664
1.495690
0.538111
23.789502
26.965043
13.218653
2.906303
0.822219
9.222006
4.640727
1.041218
5.468378
0.279950
19.203383
2.395662
8.690046
2.988373
5.872887
6.329790
1.635109
27.942457
11.937963
22.440755
18.017216
7.288435
20.395483
0.741244
1.745078
0.370256
3.148257
3.937042
2.532484
14.116463
3.529816
2.638423
6.259257
1.215185
12.963869
0.619807
34.673171
11.835870
1.772316
0.044299
13.519174
9.816767
10.445303
11.801716
0.615434
3.551141
0.985201
15.908237
7.810410
3.214550
0.525345
2.979907
3.146514
10.463006
8.119115
17.458015
5.112529
1.018979
9.993011
11.443142
6.591100
11.791120
5.446518
5.917431
4.462514
0.205982
0.913339
0.255469
8.093836
3.019174
5.683497
19.050124
2.293911
4.226256
11.269993
2.078441
0.640834
2.737122
1.406467
21.239601
13.207097
8.027954
16.412158
13.023752
1.651964
17.846507
6.200799
13.178786
18.113941
3.061846
0.932737
2.069494
4.456462
13.630638
15.770760
0.055811
5.719009
4.322187
2.009339
1.021443
3.295269
22.904969
3.123070
5.851622
9.712696
3.615796
28.542385
26.256079
2.320490
5.501274
2.863444
2.681997
0.300676
7.523937
5.588157
0.422809
2.613007
19.110888
2.190884
1.252247
5.378177
33.952296
2.217159
8.921240
11.471101
2.170665
10.421991
3.668182
8.004030
8.030703
6.139082
0.757033
14.429158
3.094482
1.651457
0.333038
7.150227
9.054814
0.133816
5.741045
2.054593
8.288995
1.532834
9.393700
3.911670
22.082751
1.183555
3.337059
0.963554
20.689523
16.786670
2.386619
8.630102
13.595873
6.481059
6.034235
2.215016
0.781809
18.200986
18.454195
8.021359
3.312372
3.436541
10.355723
18.192779
17.449061
12.108498
8.218486
0.703134
1.410354
18.305844
7.459952
0.073917
0.855975
8.713299
0.040595
1.402527
6.365583
9.418522
8.443532
2.031599
9.963338
2.166590
3.149079
10.978860
8.390191
15.135649
8.574506
6.720354
0.786856
3.667330
2.465281
2.237602
28.898475
3.995100
17.808442
7.978675
12.670602
5.587483
6.881247
5.426347
1.737719
10.254094
2.636619
0.196932
8.295750
1.559469
22.568665
24.620499
19.708079
3.698299
0.124619
21.084188
4.471506
27.206736
26.509884
15.339096
2.790209
3.890335
15.237813
3.049170
1.485749
6.509896
22.010348
9.526605
6.752899
0.817826
7.636246
36.884558
1.207365
5.843963
16.788869
10.800274
9.552595
9.698300
3.563939
2.780497
13.258996
13.290626
16.143600
19.556928
5.728746
5.569475
12.807599
8.397753
9.684405
12.708956
17.658588
3.299859
3.767494
0.789568
6.907312
0.292833
5.012856
6.258357
2.701045
7.149060
0.247800
0.304508
13.834811
3.572680
1.087112
5.909229
11.757184
1.944944
7.801757
0.713688
0.424521
6.063272
6.223284
8.116300
10.359685
29.788456
5.810329
3.120158
12.685232
2.526812
4.623867
0.653641
0.205421
26.299039
14.462141
9.525142
4.206877
1.522452
1.360966
2.304048
6.374325
10.030794
8.635123
2.627298
24.784828
10.712139
6.465844
7.568244
4.352303
2.277290
3.520113
11.345455
0.115985
0.987043
0.376755
0.332652
15.473624
9.729925
5.142277
0.823655
5.412144
5.131603
1.521558
4.551193
4.066693
7.653779
8.064916
0.370899
3.755072
7.865000
5.595516
15.530796
8.599798
1.422823
0.585459
8.227153
0.214953
7.050779
22.538044
6.854260
3.930406
8.246617
4.903648
6.310515
22.705017
3.903420
25.992735
18.860609
1.743170
0.575073
0.849803
0.147119
0.793640
9.190999
0.590797
3.073258
14.908208
0.188376
13.476244
2.648668
1.006001
9.545243
7.931193
16.795327
10.626349
13.015966
2.650671
1.562666
11.110051
13.153673
37.256039
4.256635
3.721951
11.983636
3.333869
21.361103
15.638713
4.482845
11.118278
11.237064
0.870700
18.627565
5.629660
14.010660
3.085883
18.070324
3.943908
0.087174
18.863258
0.765805
3.077229
23.975779
24.063596
6.815978
7.993841
4.760117
2.776182
3.187891
8.930589
11.166703
12.545563
12.470648
0.765096
5.456397
0.474254
6.379691
4.660442
17.492949
3.457533
0.996048
1.234461
11.467444
7.703245
0.852870
0.702844
9.657668
0.604369
13.801487
9.799998
0.678790
0.709231
34.523668
3.750701
3.704442
13.404603
23.537316
34.150192
11.199194
3.776168
0.697552
12.009940
6.538883
4.416265
18.945901
0.943042
5.428041
0.091349
5.058835
0.463603
1.011928
1.000210
8.380547
10.964782
7.004430
26.197762
3.758373
2.691753
16.236020
2.024657
26.422961
0.097832
28.020215
0.352952
17.741770
6.001146
39.654629
0.613291
6.456877
27.868602
5.923551
7.941026
9.519210
4.849022
7.901393
7.022607
18.513862
0.372092
2.638742
24.031968
17.677407
4.865402
7.743464
2.598987
1.667233
4.984469
3.487628
7.009950
0.647378
29.319681
34.270925
9.582911
6.144627
2.963034
13.447257
9.234637
1.419789
19.346409
13.831956
23.933908
10.348832
7.603232
4.333620
21.592147
16.083139
0.370184
0.213767
3.778782
13.309182
34.914204
1.304076
7.213793
3.835790
28.029668
14.767306
14.577520
5.059325
4.286679
2.555111
0.464216
16.003409
13.408940
65.379565
45.558987
6.485213
11.722265
23.169373
15.158176
2.273220
4.790615
1.106371
24.641790
7.454782
2.076830
8.910636
7.701363
3.547364
0.964313
8.907530
5.876883
11.838457
5.874479
15.294161
6.422033
6.584917
16.742069
4.133179
1.151104
0.233640
11.256460
7.747192
9.741323
1.915852
1.172900
0.117212
3.453498
7.131179
3.983855
4.602557
18.760492
3.424821
5.772200
12.246974
4.040641
7.784724
15.865125
23.889523
1.272655
20.893302
5.420022
2.389884
4.916696
31.309225
5.427930
3.188928
8.027890
2.197028
0.631162
1.103802
1.096147
1.318079
1.195681
8.192672
1.605971
3.393115
18.167793
5.139049
8.810313
1.513028
1.708408
0.333818
1.480379
2.612385
1.558495
0.743087
1.028450
4.941035
1.848738
3.623849
5.600041
9.379659
0.320846
12.851954
7.908750
0.682363
16.545078
20.293548
0.504183
2.593415
13.127481
11.034858
1.631837
1.879192
3.702281
5.301301
7.704015
3.682501
4.967129
11.009832
0.298984
2.327493
9.995935
18.046134
5.734233
6.076236
0.906891
4.745146
6.084854
2.221542
2.509397
3.789320
0.162203
3.109798
1.900455
3.173994
1.020505
17.696639
7.203191
9.093064
12.453672
5.520291
0.727457
6.162067
7.071384
10.945733
4.520277
1.091877
2.670097
3.608919
8.305797
6.766254
3.521654
34.449566
7.446664
2.166356
0.858744
1.327106
2.258455
1.401319
1.651934
2.684847
1.523219
18.166012
0.669086
5.947299
4.226444
32.309137
0.950619
4.058064
27.912477
16.049952
13.589304
2.386201
1.499196
8.836477
21.203081
6.509203
6.781820
2.627800
11.739790
1.656624
3.128703
4.433156
5.667880
2.220901
0.975866
7.545597
2.724507
6.963625
1.341318
5.248971
6.084378
0.425717
3.283069
1.154795
0.523778
36.809610
3.113040
13.280565
2.351111
9.153131
11.424530
7.243573
5.102853
4.246063
3.432346
21.220448
14.204857
26.825411
1.061828
10.500411
22.289018
1.599646
0.550483
10.811145
6.835417
14.752617
1.204466
12.688401
1.801438
1.429722
1.435557
13.480826
8.753709
5.923008
3.555691
16.777621
3.986502
13.568661
4.626199
3.784957
4.969288
2.869162
11.014219
5.588823
2.113940
18.386719
3.874654
6.274259
18.955965
7.830394
0.994517
22.484933
7.904615
3.262611
1.199815
12.640011
7.742204
6.099311
17.946427
12.431920
1.315931
2.988500
2.285357
10.898944
0.272860
6.749708
11.499310
16.749339
3.349397
13.774464
0.937951
14.989952
1.091037
4.050517
12.768043
1.299374
2.083144
10.248345
10.184769
8.198754
9.472014
6.259753
2.320670
3.393466
1.603210
19.127009
7.004872
4.097965
4.959260
23.542590
1.331756
7.059557
5.639956
7.562755
0.146209
16.453548
21.519908
6.661724
9.542966
20.459755
9.827180
1.324084
6.869617
7.465767
4.414996
10.667922
21.789415
20.783010
4.794914
0.961430
33.513392
14.605745
1.065168
20.290464
16.315391
5.852411
7.157710
4.073319
0.450545
3.266119
12.990463
0.037142
3.245711
4.062225
6.167064
20.191404
3.401417
3.408852
10.700072
4.815022
2.035060
4.818259
1.214559
1.552436
5.519104
4.343010
19.706342
3.600277
6.951219
8.003126
0.105448
8.714146
1.568469
25.967986
1.287575
4.284009
0.713708
46.144653
5.580375
7.238555
0.555456
11.089090
1.884823
18.266519
1.836711
1.692563
0.297875
5.110286
6.656353
0.543736
11.952021
4.830677
5.945261
4.649452
4.096786
6.561308
1.349624
1.606441
15.831595
23.367294
3.738417
2.525851
8.262586
4.203917
0.205713
1.358269
10.069466
8.605198
0.219759
2.007944
2.102093
8.915318
0.159259
0.879488
12.872147
1.573422
8.461593
2.176389
0.837920
2.228956
10.248759
15.486691
14.186008
4.049140
8.823014
1.835147
2.775469
18.132789
0.104698
0.715097
1.864402
0.215124
1.601624
6.998150
4.377491
17.854904
13.605567
3.346182
2.402610
3.820318
7.138542
2.496494
7.828498
4.213088
6.424539
4.583403
2.790400
23.722138
11.538036
1.207636
16.228039
5.346563
17.996316
12.869716
4.430053
0.181805
2.503204
6.240702
8.029579
2.386037
1.200595
14.411097
33.284993
5.967156
1.506839
2.543012
0.148495
19.655108
1.002248
6.873925
2.562251
6.462684
8.431109
14.163514
1.849620
0.088454
1.177665
18.422172
16.564811
7.278754
7.340670
8.749874
1.542576
19.665676
4.340877
3.864886
5.853735
0.384837
1.454894
10.716313
0.691426
7.393618
2.252000
3.945138
2.725218
3.516388
10.156512
2.820572
6.685148
5.170878
8.717327
22.095373
10.551242
1.935965
0.253437
2.433354
7.232485
0.422362
5.487248
7.267431
3.254655
11.789200
0.901751
0.624884
10.421179
5.473362
9.328341
4.564992
2.263170
13.678590
12.852173
9.491591
2.541229
7.137287
3.582480
0.768406
19.941599
1.177044
24.003925
4.724808
1.637842
6.245359
16.505134
10.540862
13.142351
8.601902
9.428431
15.134176
2.297916
5.377741
2.000105
35.164467
23.067710
0.321801
9.781853
20.748668
1.593223
6.713623
19.766922
0.276284
9.563284
2.823160
20.657989
28.339759
23.097389
5.142891
15.846486
14.891418
3.074724
14.124780
0.301678
7.256069
2.091010
1.027822
0.640603
9.533424
3.322608
10.321091
0.540719
3.030083
6.203388
12.512779
3.070637
7.865673
17.370893
7.654052
2.121725
0.197627
16.327853
0.171991
16.616462
6.022110
22.383935
12.826980
49.457555
3.455029
11.660202
4.112392
5.229498
7.900263
16.551313
33.123176
11.697577
4.327074
4.376557
10.702542
2.182633
0.936533
3.503355
2.708873
2.811318
2.128489
0.344038
0.144285
35.199824
4.465758
3.880310
9.106661
1.969802
23.959650
12.347142
0.749309
4.324518
16.903544
23.164493
5.039900
7.603153
1.462099
37.835557
2.108305
22.880075
8.390504
7.486578
5.750814
2.097880
1.553806
1.992679
1.650668
12.097926
3.447805
0.476664
27.816674
17.218568
21.021236
42.240398
1.528270
4.036655
11.358428
9.526363
1.336903
13.535304
2.033365
2.026942
6.159784
7.190356
6.941647
0.767567
16.794598
2.469612
1.109637
17.567665
24.925411
15.851414
13.265500
8.519300
6.403318
0.728039
4.200116
3.730497
2.406179
10.282045
5.479460
0.676156
1.989570
9.197361
0.633479
15.241589
5.467896
5.240441
7.179905
13.929183
3.419345
9.066031
6.672747
2.485185
16.871291
12.773201
8.594133
15.208046
16.156965
9.857963
14.512695
9.564637
9.118994
7.711491
11.177763
1.381553
17.020371
16.436027
0.237468
13.981179
1.103711
3.265176
10.885270
1.402067
13.628539
14.276722
5.665562
0.051251
2.706619
7.676236
31.785308
7.993326
2.406718
8.041100
6.211976
12.107402
0.905176
11.451268
6.234288
26.372970
3.346849
8.010910
21.509288
0.865224
22.146031
9.315087
0.561981
2.864419
9.852728
0.557807
6.981454
3.395753
7.759970
0.374570
16.416903
29.041555
27.758685
11.079221
1.114890
11.359246
0.199154
0.178976
3.127886
5.365501
11.771591
9.198286
4.723320
2.557529
46.812230
4.443534
4.802896
1.429414
12.670534
9.465058
1.995588
0.687784
9.127967
8.502361
2.553487
24.105235
1.310114
4.529788
23.004547
4.354057
8.140520
4.054594
2.564014
33.070164
4.212037
17.962020
2.090446
1.917281
0.253032
8.436767
3.677592
15.981904
5.127625
27.584659
1.641697
16.237484
11.990218
11.789536
14.903461
11.451137
7.872710
1.125552
0.264535
20.291066
7.670462
12.738180
5.254867
0.998233
1.069950
9.255831
4.501246
1.790397
5.411808
0.530904
6.977643
2.506662
12.778458
2.972707
4.858988
0.093509
0.601642
3.987140
5.230471
7.330737
2.758678
9.499073
15.735900
12.107605
0.323400
5.239215
0.886828
2.217050
34.537461
1.229831
5.527408
7.701939
9.697787
6.561459
0.078551
3.161679
5.833705
0.735751
3.453983
0.270135
0.654702
4.045687
1.139108
6.706139
9.355669
12.899006
1.786651
1.466409
0.883591
8.094273
9.806360
0.256766
22.017552
0.426964
6.234807
9.877120
16.381628
10.016540
12.944927
3.317462
13.491637
0.668052
18.016403
6.345373
13.599181
4.816488
8.253112
5.979183
10.521903
0.681239
0.498000
2.270617
1.390492
16.432284
1.979633
29.792822
3.286585
1.608297
12.473705
8.600130
5.516361
6.483986
10.160952
2.074880
44.869050
29.445120
8.406025
1.780574
9.121182
0.599499
0.249057
2.383830
4.968442
16.216159
10.391224
10.860303
4.433949
3.396388
3.709485
35.152511
0.327486
16.141144
6.914814
4.618793
10.335373
5.334674
16.535251
18.477028
4.381590
2.592863
7.178777
19.476448
1.892487
7.803372
7.987824
10.567440
1.128525
10.065319
19.178026
1.584516
2.169677
28.433416
1.597144
15.414318
5.422568
2.271976
16.368048
4.714699
5.785839
3.560720
7.190571
1.428458
3.968567
27.897264
2.388687
8.554059
3.146594
11.879134
1.122134
28.004884
4.838007
2.154028
0.610702
1.488304
5.867987
3.287881
14.123279
4.509418
2.287754
7.680791
9.814581
1.462176
1.467722
0.298886
10.666641
8.720500
5.149233
14.871940
13.105587
7.042648
16.216085
1.843775
0.949544
2.514942
0.470249
6.060112
22.067050
0.321107
1.041871
4.814746
21.729669
3.040205
5.661780
0.339694
1.284573
34.518009
26.846434
0.039618
24.261126
8.153677
16.194677
4.851938
5.798689
5.368684
8.793642
1.203340
0.243456
2.944545
9.757587
1.803704
8.952947
28.029043
0.788851
8.932633
4.692303
16.208253
1.559849
9.437519
14.566967
23.147459
9.197090
5.500101
7.695479
16.254663
6.763113
0.246867
21.383244
9.357260
9.028780
1.943456
8.604296
4.005213
8.426809
0.901705
8.579939
59.533783
0.395304
30.238905
4.179245
16.368268
12.200240
6.696441
10.729014
16.863753
4.142001
3.168474
8.811171
13.195663
11.493467
12.788524
4.575700
13.622705
1.024568
6.290685
0.046202
3.139434
3.651477
4.035736
9.511812
3.935483
4.763717
2.169685
3.737683
2.062601
0.608105
7.399597
8.826092
7.729950
4.981421
3.821523
15.921702
5.856464
5.218835
0.207812
3.339263
3.826811
4.070924
6.943288
6.101737
7.490011
11.581385
13.412563
10.130278
24.902390
0.147207
1.743039
0.060733
8.341063
18.264656
2.232235
20.942153
0.497279
21.797831
3.466260
0.855524
5.322260
2.374069
2.682360
2.937150
12.997464
6.197657
2.983686
7.539718
10.074494
2.546494
4.269331
1.039832
1.598829
9.143470
1.601652
5.958276
9.876728
0.904247
6.701911
2.371768
26.358904
5.286147
13.118870
6.392090
0.355064
8.022448
24.193604
7.362627
13.682418
17.247572
2.070993
1.906513
7.553017
4.235019
14.653720
18.422531
3.488484
2.162621
12.132154
2.570529
13.835431
4.409546
8.810124
0.803296
7.822337
4.808449
7.066881
1.471519
10.680970
15.890354
1.954323
0.804882
0.191380
8.217142
7.473480
6.329563
2.111173
3.966261
7.220608
5.493614
35.241065
1.173533
9.503340
4.144397
4.471723
10.115383
9.432581
37.915094
1.099345
0.879498
10.308662
6.909338
2.563413
0.662005
0.716407
17.968948
1.704232
3.125064
2.056255
3.507994
0.575611
5.856099
0.560055
12.889776
2.129578
6.212438
16.967383
8.418656
6.090685
3.136448
3.239745
8.856873
41.115973
8.673870
6.527644
10.493964
5.006983
0.496215
6.609714
25.289627
1.541913
9.369590
1.794491
6.139995
0.813396
4.788093
11.290053
3.416430
8.746890
12.695541
20.957878
2.139294
4.077489
1.322923
39.125240
20.938473
6.211485
14.762968
5.887736
7.816519
0.746792
11.260811
1.093099
13.992710
12.187113
9.868441
0.294643
2.889232
2.442561
3.572002
0.733789
22.111610
6.455944
2.916785
4.046459
4.742109
7.342221
5.800066
20.145256
5.496740
38.786106
15.253321
1.870709
21.342396
0.989702
13.605837
3.832333
16.828190
16.203063
13.116101
12.486342
2.907055
0.675051
4.126440
1.524680
9.498265
3.398403
29.708722
8.194841
13.829401
1.137346
15.844852
20.486412
5.340801
7.456372
11.578886
1.537410
5.586340
4.068799
1.266097
3.665036
0.564859
0.209207
1.161744
26.399627
6.379702
27.009423
4.532086
2.989594
5.644056
4.631575
0.893396
8.191594
1.947160
7.732002
8.403175
1.319232
0.506498
12.140764
4.926533
0.479391
42.175456
0.476137
9.500472
32.922385
2.186869
1.227535
1.035267
2.890918
0.852186
9.425436
0.514532
5.697370
45.703039
13.454790
7.640657
2.925191
7.823113
5.989980
4.442169
1.120631
17.414968
4.779564
1.731553
3.667881
4.277255
14.060622
10.582483
11.733267
0.088740
4.304944
5.252118
0.155031
2.406822
11.426597
1.179742
6.131080
1.938630
0.097559
2.208152
29.795640
12.937225
25.666780
5.353165
0.929900
6.351868
4.846621
14.881527
0.825859
5.359214
1.300609
3.140501
10.695679
5.170386
3.771407
4.013292
4.921297
12.297554
17.811268
24.868465
12.368077
3.031445
9.321471
4.604380
2.351432
14.704350
0.313473
18.562897
4.951407
8.111261
8.615290
18.039335
8.099543
7.613967
0.551818
5.845264
1.301742
10.698015
5.743158
9.121171
0.340529
0.708831
10.079363
0.598515
0.591383
0.097459
25.080212
10.700288
3.486381
2.813904
3.442612
11.920930
8.662792
1.638457
1.530343
0.828636
8.637603
11.564030
2.463584
0.169339
0.685959
27.501240
2.801509
11.730432
7.839460
3.849353
1.842224
1.035281
7.636365
11.920228
8.260445
6.045325
0.342853
27.659292
12.824236
2.771783
31.284325
7.368046
6.986284
11.028933
13.360716
8.548047
1.096605
3.303151
21.058012
2.035171
3.723849
4.526154
4.630052
7.593396
22.928283
2.202790
1.036328
1.759893
17.437625
8.303393
2.693934
13.540250
15.807574
14.993185
20.099196
2.325397
11.253346
4.937486
14.761209
10.430070
11.984870
8.540674
1.562562
6.300136
33.423413
22.166395
0.353068
1.440814
1.130009
10.356431
13.620558
1.921416
5.639373
14.695881
10.558109
6.251233
7.139572
5.680077
2.825431
6.659678
9.340749
16.528913
8.091217
11.454403
1.395509
4.952596
0.075003
2.266109
10.370509
38.438684
0.835582
4.106554
12.878343
1.825607
6.478975
10.566189
7.656599
1.666283
3.512811
12.252107
6.463555
0.041947
11.450025
0.287599
10.954988
1.809993
25.374694
3.670177
3.167267
1.289693
2.917705
16.741885
44.869970
3.674846
4.762512
10.243115
17.386205
7.192408
3.974405
4.256692
9.515778
0.025788
7.732031
3.514157
12.646700
0.780820
7.097784
5.246393
8.225056
0.536417
6.939696
6.594883
6.579855
7.400385
9.027656
13.077594
2.515721
13.946014
5.517317
0.641513
0.482680
3.254588
12.293106
9.839275
12.432592
5.826367
4.641391
1.276211
3.182271
4.553563
0.742191
1.993970
7.294910
10.644247
51.243783
21.638045
8.230418
4.375050
8.088710
12.321221
1.007556
4.219772
14.650772
3.873897
6.786670
7.089378
1.631398
3.598289
3.257869
0.212368
0.195914
14.255917
2.551410
5.839797
2.838848
22.598368
2.401242
4.492136
16.491571
14.757919
1.647356
12.981941
4.902673
5.277218
1.146160
0.672285
10.413841
5.488755
4.593684
10.460109
11.602838
1.384435
7.537488
1.163482
11.134479
8.559153
25.101062
0.571607
0.469976
2.652370
2.427302
2.269295
18.937380
2.296618
2.539081
11.396898
4.778913
11.994291
0.540804
5.348748
0.273532
0.517616
18.953001
1.199566
6.081490
4.235931
3.413632
18.407359
0.176520
8.720147
26.460440
6.570903
22.094452
0.429383
4.341191
2.410547
10.499029
31.832609
2.371416
8.494570
1.766147
6.665350
4.987961
28.605929
7.502715
3.440190
0.969172
1.311895
2.042410
2.311774
15.209884
6.590108
5.928469
0.975252
15.736889
10.264541
0.560534
9.843495
6.274002
0.682070
4.904353
5.303991
1.450013
23.305575
15.175646
8.845635
4.963570
4.245037
8.420859
6.307260
0.514372
5.747763
13.135838
4.918236
0.426840
12.344641
1.798798
2.393945
1.439776
3.206389
11.309374
5.861524
1.834111
16.818739
16.934280
16.357441
2.182833
4.800743
33.592126
11.827715
0.220346
0.539421
4.987945
19.194548
6.189685
5.510254
0.891688
8.555072
13.812412
3.829708
11.955023
26.700521
1.822902
5.927441
2.707739
12.594668
6.894295
8.053716
12.792502
4.033058
19.729314
6.091903
1.375373
9.523166
12.610399
3.047292
15.569320
18.927885
2.593712
32.845577
1.213205
1.805331
1.628932
17.953753
8.497299
1.319981
4.643170
7.642291
0.697232
17.124844
13.020959
5.628923
27.320735
4.326994
33.136683
8.819035
8.055662
1.451742
17.091669
4.461796
1.416126
0.101501
6.563404
5.996041
10.165279
17.676989
0.661894
10.519130
1.660248
15.625407
13.676874
6.226047
9.909696
3.019105
5.096674
13.791471
4.918611
3.542822
5.453108
14.093688
3.266249
1.526975
9.958748
13.988598
0.848553
2.194170
1.224948
3.420967
4.787803
11.052886
8.424851
7.760245
3.475547
14.733359
5.098479
30.945939
8.044083
1.079823
9.020480
3.145574
9.275239
0.577479
1.537826
15.488952
2.061668
14.514059
2.619993
8.237510
9.477299
5.750260
2.914324
1.912602
0.270021
2.898629
8.471198
22.284396
16.396234
11.621688
12.426251
8.748637
2.411943
19.018041
8.887074
6.575860
0.941170
4.739982
4.934799
15.994026
6.328695
3.829456
30.108937
0.938750
4.393046
0.343466
10.773640
20.015760
2.628447
15.634698
2.764956
19.332318
11.218151
13.074222
0.145365
26.333800
10.376632
2.907883
14.147219
2.644953
16.493054
0.955499
9.730684
6.224387
0.812139
2.215455
0.099853
5.060451
2.867873
7.297543
2.821894
2.852475
10.875450
0.394722
18.655699
15.298620
8.816257
7.195893
17.827431
1.639779
0.658094
2.190340
12.661522
0.282284
6.993648
43.119105
15.486670
5.895885
0.526050
14.240553
7.309922
0.976735
0.788468
19.230462
8.849937
14.142163
16.894323
6.784803
5.829305
4.502952
3.049458
4.561718
11.893503
7.368887
17.843849
4.686980
7.473389
7.982340
7.165969
9.702327
2.168524
5.745485
0.880526
3.882710
5.350245
8.449579
24.051281
7.343358
10.887943
5.646068
8.043250
0.588589
2.348438
3.593494
5.116751
0.373788
1.206807
2.592714
28.471991
3.219920
5.262874
1.746220
7.548886
2.635627
1.855382
5.814834
0.044168
0.061548
1.978146
0.299301
0.914544
3.310325
12.979605
6.789966
5.750473
2.779330
21.477059
4.046904
0.728968
7.679152
0.966848
3.387686
5.664656
16.585928
5.442583
9.692244
39.488126
1.127801
2.569707
4.014611
4.383073
4.234919
19.053979
10.015021
7.490013
2.961240
13.888648
24.819507
13.771822
0.012531
8.093637
0.419913
2.383015
0.490959
7.406597
9.281942
0.972711
3.873974
4.873927
3.684268
1.031991
4.343317
11.128142
0.589238
0.668618
3.505204
22.740754
8.834773
9.082292
3.594333
7.204536
0.081463
8.086922
19.561207
7.585832
16.552673
10.298054
1.027745
18.619393
0.550033
6.107999
1.226488
0.094205
4.385925
2.796922
5.324264
6.886846
0.357796
1.050016
6.543199
3.362608
10.450215
8.451130
14.945895
9.434055
4.495984
8.941544
2.576876
2.925881
12.446615
4.730785
12.810978
13.826779
15.590807
19.876236
4.510791
3.071979
6.981995
3.711185
7.351838
9.782143
9.328409
3.754308
1.460431
4.504384
1.230751
17.665260
3.395685
1.342236
0.206217
8.303654
8.104667
3.331450
0.595305
4.216032
2.982638
9.043812
7.446754
3.627925
1.966105
35.406802
4.841114
9.325052
1.211729
5.317873
0.223384
5.632939
26.597760
3.878752
0.318214
0.251560
3.928011
1.395065
0.189033
11.291703
4.907638
2.731417
18.427338
0.987643
24.973780
3.014633
17.542937
7.389401
14.022188
33.087917
2.721976
25.981389
3.947579
3.895726
3.328817
6.236748
1.339259
6.454317
6.241934
11.480577
14.349288
4.644855
2.880110
2.401654
1.731567
0.475008
3.353851
2.520401
27.149974
6.526295
3.412820
6.948916
1.199114
4.696525
7.873010
5.369486
4.110358
40.728330
16.983120
7.812700
6.740185
7.754589
1.798280
4.022036
0.322073
5.163181
6.265005
2.067573
26.600304
19.215232
10.245196
6.098034
16.319869
1.120097
12.504626
1.066613
12.647218
2.581143
16.770461
23.065244
1.288827
4.969226
31.701218
5.284006
15.934231
7.108072
3.764253
2.692554
1.817444
11.477096
3.909128
5.727650
5.423318
6.888344
16.054119
31.597526
4.188372
14.059742
11.569299
6.817686
24.997101
1.789895
0.925659
15.391106
4.626412
15.016910
17.886159
0.515946
17.196493
4.758283
5.713863
7.880680
20.870992
0.154409
5.182997
9.310893
10.261443
9.435085
1.154984
2.846495
3.554257
13.054990
2.614265
1.892921
25.256231
0.071222
49.030584
9.036399
14.103944
2.792142
0.115350
10.711303
14.373111
10.791253
1.233141
11.200807
11.720027
8.596210
11.623438
14.962341
7.607143
0.742229
5.349632
0.646638
4.187816
4.181924
0.546315
3.431760
0.941247
13.211886
23.604240
0.600517
24.829250
5.914812
2.848437
0.639813
5.555172
12.659079
9.823023
0.412250
0.605567
4.125007
2.799757
2.115729
2.639201
13.016040
21.186341
4.154932
18.925137
3.102916
5.176783
2.049767
8.183796
30.898672
7.400495
3.543019
8.348845
1.049263
17.561267
5.594673
4.773243
7.052502
7.842024
0.595856
9.181174
2.215854
10.012783
13.831846
13.035432
6.432647
5.874585
1.233381
11.945556
2.533146
5.492478
2.675664
1.149378
7.944461
0.446910
11.047119
3.056959
0.001078
5.725255
0.383880
2.585585
9.820019
0.517926
14.627645
0.030618
2.267649
10.804455
3.041539
0.859723
3.573221
2.521997
14.797409
3.007420
12.444617
17.795527
4.550709
19.258513
3.789755
26.611336
0.748242
9.292909
5.446809
3.923595
8.012869
9.735305
0.034983
1.461323
9.987468
8.782151
27.062344
11.451599
24.090457
9.699818
2.831170
0.890715
12.179621
8.265950
0.395085
3.570928
25.135284
5.551598
4.535347
4.895482
1.874472
3.679884
3.693913
0.430203
11.673248
4.309747
13.815863
15.195542
1.905997
8.568447
5.113543
16.972564
1.944124
9.060990
7.486890
2.799882
1.175026
8.436145
10.733550
3.034022
8.281329
4.021946
9.991953
1.777305
17.673851
2.710788
3.668219
0.478781
0.945875
5.803081
2.491348
14.437796
0.118419
3.812605
3.292013
0.156135
1.062479
4.270607
5.431818
4.144007
6.056157
7.233547
0.079787
4.990389
26.483378
5.855641
9.054266
2.990149
11.897457
11.859675
5.893383
29.842221
1.073283
0.136743
11.762913
13.166970
1.024551
2.469425
0.141666
2.777290
11.867444
5.837834
3.422859
3.718401
0.010836
2.851120
8.318041
29.257324
15.021720
0.191022
18.306350
12.230182
12.126711
4.899852
4.060053
2.886792
0.543618
2.072605
2.265310
5.294383
11.008991
5.136741
0.476679
25.320747
22.879033
12.303994
37.981156
6.290566
26.324769
0.628927
3.641623
2.043075
1.743587
1.214056
7.791648
12.161234
6.907659
1.271616
13.333307
8.083816
3.930350
8.970061
2.407814
3.387308
19.958283
2.745609
5.078849
17.668470
9.840381
0.513776
1.274809
0.062980
7.973974
4.748926
1.153502
25.348147
6.034391
2.215449
5.554840
9.105988
0.634417
2.569401
13.159090
4.924526
6.327441
4.536572
0.359142
1.449775
4.718109
1.877534
0.410170
14.845248
31.788009
12.605815
15.381413
2.216334
25.877395
1.754464
24.197963
42.102511
9.950662
31.767279
6.743203
2.403889
4.595747
7.202570
0.607118
7.790157
31.781762
1.686832
12.584659
19.078938
23.016712
25.778174
5.896118
30.285910
11.327770
1.410761
5.183863
10.136186
2.273137
8.186892
8.787310
1.420580
6.660843
11.814197
5.527528
0.097416
0.072637
3.533250
20.850529
2.077182
8.048929
2.009010
3.104971
15.073214
10.441002
0.802093
4.478755
0.236829
5.245118
8.687954
1.009066
2.727368
4.057812
20.159069
39.991649
0.367608
11.450599
3.718207
3.986674
11.228012
20.050000
24.115830
6.885384
3.534392
12.392354
2.312145
6.642263
3.552547
8.551599
2.199695
1.701517
20.031648
0.858933
5.641076
1.996442
0.317664
0.293468
1.541126
16.125448
2.655622
24.039665
6.970965
4.590325
6.941697
5.816915
11.376243
2.655815
3.483895
17.961650
23.418089
17.846450
4.350207
12.126324
5.175236
5.505912
1.832087
7.154870
1.647695
3.222525
15.449839
1.856221
0.590535
0.572033
22.612578
5.656678
4.213094
13.322928
14.454624
3.230025
9.463382
11.796558
8.505591
1.315178
16.692250
6.196499
2.655551
4.430257
0.306361
1.094505
11.603993
0.000093
4.310589
5.913700
0.449469
28.918540
2.050763
2.901529
2.898584
2.095248
0.011799
10.455277
27.252615
2.031848
8.702499
10.835152
15.093418
4.394165
2.886966
3.147839
9.975636
13.576518
1.603369
3.708242
18.577422
13.147827
33.522476
11.227468
3.996385
7.145240
8.654378
0.653636
6.290823
9.884281
1.464859
12.136026
7.012192
24.329484
0.346787
2.466629
7.361464
2.814181
10.025981
11.383842
0.865280
5.769978
5.688706
3.687156
21.615535
14.059157
9.557710
10.023250
4.954954
20.305905
9.488943
10.444533
15.826114
2.562431
13.163460
1.737695
3.389138
3.271093
30.727101
15.533437
9.663040
10.387931
6.605621
23.513404
5.485540
3.830969
1.423787
12.341926
10.607434
3.880679
0.204130
14.610675
0.091869
9.731057
28.121321
4.605208
2.142757
9.762742
13.591757
6.324851
27.298538
0.424411
5.622277
10.139674
15.881228
1.580348
12.875643
6.436333
4.040786
1.129882
16.037390
1.368900
2.966050
2.740436
16.409261
8.935098
12.743848
2.306449
7.843949
6.784310
14.309970
18.923097
0.097850
8.967352
0.425821
6.367797
2.713293
2.931224
3.482759
7.767928
3.252325
10.555041
4.147199
0.566412
12.250925
2.692271
4.535879
9.252742
3.233202
0.465998
3.746230
23.123570
8.211845
8.905240
8.003515
1.775076
4.334869
11.120485
0.855097
2.604210
2.587238
4.525337
31.445057
0.559111
5.850133
1.581412
28.234941
0.962020
4.134763
10.711775
9.754165
4.395543
3.403598
4.054833
2.455205
1.838656
5.278314
2.501634
2.711373
8.554511
27.671629
7.403403
0.640830
0.628741
24.196877
2.822497
0.772677
7.311240
7.817860
8.364474
2.489266
0.121808
26.822772
2.310988
9.016743
9.810562
7.533020
3.002290
2.529709
7.283827
16.085035
23.459616
0.895553
1.345727
23.165106
10.670685
17.164229
1.811518
7.085818
9.662229
9.118272
4.196039
0.124117
6.995934
2.334608
4.786395
25.281274
4.073753
14.650738
1.671367
8.929173
30.180508
0.859729
0.066838
4.547395
0.777600
11.038820
19.678466
4.553586
2.394925
4.558992
10.282846
0.072763
7.122138
7.600677
8.122002
2.216808
10.015583
0.766728
1.777855
16.795198
10.737398
0.110727
2.284155
1.930526
2.526527
2.275470
0.516533
4.913808
10.556071
7.466106
8.939222
0.677052
24.208000
14.585597
13.081752
13.852112
21.590010
6.286557
1.787969
7.673244
10.865745
10.712764
5.895940
0.567318
3.710429
20.282860
7.025198
6.183273
2.505132
3.676612
18.056772
8.784013
12.386254
4.846153
7.959365
2.284234
9.778746
4.463356
4.674995
8.383102
22.026132
0.529173
13.932025
2.766820
4.694737
0.177256
2.865364
5.587388
0.462525
5.403963
20.950500
0.890968
11.566342
4.216603
8.517716
2.411399
1.389993
1.399234
0.584798
1.642888
8.730378
17.075617
13.461477
9.244873
0.936153
2.730772
2.966271
2.300997
5.788944
6.135277
3.531466
3.493036
14.107970
12.458288
2.942995
19.607608
24.429437
3.165020
3.500910
5.635836
22.658141
16.720425
0.865743
3.990264
6.448219
5.595455
1.724013
15.661574
9.039357
14.556748
15.658600
11.037914
4.627279
7.544092
1.398308
8.958166
1.580326
9.472044
2.086744
1.000437
1.445315
0.015953
10.147795
10.546127
5.787752
1.407817
0.698020
0.154514
1.449760
17.720663
2.211688
3.499007
0.890541
2.011946
5.858840
7.486902
2.252034
0.475726
3.967928
2.134709
1.983117
25.723614
7.663164
6.511289
4.299754
4.482149
6.227985
9.537139
9.689217
1.506980
5.546982
4.247657
16.354261
7.984757
6.082917
0.980909
7.443886
0.997288
3.290335
1.233064
9.423157
1.847915
3.978793
18.081937
1.828429
5.671043
4.347778
0.146322
12.590949
0.572362
5.143512
6.580187
7.920068
9.334229
2.336438
0.080231
10.282726
6.137047
14.468854
13.780332
14.828713
5.310178
3.247262
12.544763
4.801542
1.621261
15.446739
17.134613
5.023517
0.629746
3.925911
13.018276
18.563877
1.819951
0.554574
16.787394
3.946570
6.242915
27.552625
0.551069
8.360224
0.615959
3.766034
13.029559
4.545833
46.974828
6.550759
3.098984
1.988833
3.452672
3.728517
0.569508
3.690879
4.992530
10.262332
8.553892
9.869016
0.067191
1.963802
8.670206
5.293023
0.042621
13.057340
11.855734
6.360007
0.550200
11.637101
7.011054
12.184613
11.146455
12.996497
5.838623
1.209602
8.897410
7.750653
10.846220
1.489490
1.735058
17.688038
11.089644
19.107627
11.374222
7.273633
8.493602
17.595026
6.917308
8.005890
1.361342
5.138434
10.081442
2.528024
1.807722
3.013002
2.211306
1.935682
4.425007
19.073704
5.658937
1.665255
0.640763
9.529931
3.860481
13.800180
8.618974
12.726557
2.539041
9.430572
2.452875
22.384037
8.093041
3.138557
2.512338
1.694925
9.490136
1.974529
7.236938
2.459107
8.676940
13.496590
12.041533
11.445359
1.663305
0.740300
9.603800
3.675323
4.529949
0.253156
2.404263
0.274052
16.908010
2.231329
6.519575
0.318075
8.793237
3.120995
18.255924
17.522498
3.147786
18.497924
44.493418
13.962779
14.908004
2.290890
6.877438
0.556995
0.797837
54.446010
3.163792
11.032450
13.146649
15.616737
48.353177
2.211263
0.329500
4.237234
1.114838
0.181449
3.575634
12.250126
6.681017
3.000783
8.498444
2.111914
0.115887
11.563376
7.819865
11.494056
0.317731
14.517914
7.730704
6.629817
7.838405
15.986329
7.073232
6.958128
37.404018
11.308672
4.671384
9.831508
3.944285
2.079243
7.267610
21.068972
21.176339
3.347251
6.000746
1.902362
43.465970
31.756330
8.387360
13.054043
10.044941
7.194647
0.438590
4.852297
8.986182
9.054001
3.736035
22.736126
1.465203
5.550931
9.392309
9.555766
8.367528
2.575850
1.358781
8.083500
7.316380
1.581327
9.770014
4.858281
8.815196
14.530077
1.488019
0.154644
12.080455
7.526664
9.622177
14.568928
12.988738
25.937186
6.141847
5.363193
4.111807
1.334966
6.800415
2.594907
20.337661
7.001014
7.188396
3.507105
0.427116
0.258068
4.403952
0.706851
7.468451
17.027240
17.158828
8.608048
1.898263
15.902010
17.379014
1.751754
10.697781
2.700802
12.981819
47.134112
0.243888
18.212678
7.796244
29.009527
5.004051
15.038849
0.515404
3.267104
0.554942
29.621599
13.585012
15.313989
22.240482
0.711555
3.896841
0.589473
1.893814
2.084331
5.065561
2.501944
0.851583
1.466491
1.274551
28.918135
11.393382
27.476742
4.634841
2.609925
12.807521
3.159216
2.846355
2.116997
1.111145
2.370695
3.512007
8.966721
0.516862
1.890914
13.244845
1.271234
3.356250
15.999657
1.346642
0.690887
5.301533
2.881099
6.630056
13.029165
1.180101
6.953332
5.633807
1.244616
7.825297
2.557681
5.352857
0.686837
4.923329
2.927611
13.824925
0.469332
4.338630
4.906285
10.328050
6.831930
8.802005
12.006436
15.855788
3.013569
6.177916
14.666057
36.413893
17.623316
3.714937
1.736959
5.377233
10.827255
5.427157
5.280498
14.572658
3.587863
15.717179
4.177854
3.182751
4.840943
11.498915
1.077418
1.749420
24.200436
1.543744
6.709589
6.926957
5.380868
8.279361
2.089118
6.435531
3.723928
8.669803
1.217973
6.768101
1.639192
2.612970
1.974469
1.615341
13.976321
2.691703
20.951943
28.032894
6.775246
1.234549
3.754249
12.785304
3.663218
0.728306
6.509601
14.920881
12.714196
1.540169
8.936604
1.992864
1.969328
16.576345
2.297926
2.444024
0.005229
16.363044
12.584648
7.896473
11.098864
1.319455
4.904692
3.461285
0.787755
5.326287
20.280138
0.327069
2.756400
1.860915
2.176010
19.125610
5.049933
5.023362
11.436142
1.342543
5.343975
4.496744
7.268777
61.788236
11.738262
4.058198
14.061325
1.497467
0.247499
1.829756
3.329114
5.716286
7.638779
19.317588
5.704416
5.565614
0.412393
0.284284
6.408710
4.612570
14.619776
1.401302
0.202310
4.768727
2.168997
0.407100
10.316196
0.946602
7.498471
2.639705
1.524405
3.821081
12.933544
3.981875
11.115022
1.072699
11.854390
2.163279
9.050567
6.673660
21.176926
3.919333
0.547646
0.154731
14.029172
5.951073
11.941921
2.137031
3.385983
0.244530
26.055182
8.817780
21.649027
2.468483
7.562948
9.078061
3.056525
15.076749
23.524116
17.292513
10.747932
2.599912
2.646009
26.452988
0.082702
10.071656
9.800105
7.797495
36.928916
2.990330
3.323783
0.657836
4.678622
2.420184
3.365280
14.393744
21.926800
1.643736
3.728207
21.119084
0.510409
0.775264
1.421452
7.235151
1.304598
27.555273
4.735049
5.569502
2.265894
5.093534
8.675631
11.128112
11.215101
6.899936
18.777294
13.604002
11.319135
0.457691
0.055214
1.910600
8.713818
4.237316
4.118753
17.273898
18.073358
19.190589
3.013599
9.396757
2.535604
1.691794
1.632930
3.349711
4.496357
14.220447
1.021677
10.621965
6.064984
2.716805
5.431108
2.852738
7.252346
4.551084
1.436895
0.991664
6.329533
18.616091
3.372240
10.564056
8.599042
21.453788
13.762107
6.688851
8.560910
18.292628
4.080191
3.165640
0.086960
14.014977
12.914828
0.882578
6.880368
4.988696
1.010940
31.526766
1.933474
0.556809
7.227932
10.741793
0.263851
8.600361
6.079287
0.871959
1.515000
6.714162
2.811880
22.285810
13.662593
32.867811
2.405283
27.979103
4.514288
3.415784
0.413290
0.433667
9.421536
4.898866
2.054861
7.614728
2.332001
6.895022
3.560412
13.877843
13.749388
5.190752
3.456351
3.602358
13.107413
3.182112
1.876259
0.707925
5.029266
5.264281
14.706217
2.000406
3.837087
13.219003
13.881080
3.884007
4.916522
2.891041
21.571528
1.010347
21.714489
9.212724
6.066986
0.265634
5.163946
4.190586
1.406443
8.546440
28.365414
6.607740
10.035206
0.567247
4.325703
0.989631
7.590425
22.307424
8.672416
0.639301
3.503901
6.399864
4.129490
14.349002
13.484981
7.570516
3.740315
2.358581
0.895271
3.506771
4.264195
9.011723
8.587296
0.581496
4.023644
1.604981
1.364529
14.049694
0.342552
4.346555
1.473341
16.917580
6.514216
2.105275
5.584109
10.518829
25.383195
1.992267
17.385221
21.781752
19.855660
8.071950
7.950141
4.129528
11.167457
6.062237
9.051681
4.475337
10.519130
13.919632
1.266680
14.314726
6.217389
14.897416
4.515242
3.811915
19.726550
2.313938
14.874090
5.293507
5.773944
2.950770
6.808561
3.146844
0.320490
2.539619
0.051196
30.663768
26.991898
4.022268
10.426541
3.394812
8.895846
13.095708
23.462998
4.089436
12.233856
2.473190
37.111722
0.208860
7.401215
8.618862
9.319185
1.026191
22.313620
1.599160
7.798850
2.015185
2.936301
6.325349
4.319199
1.396976
1.499667
4.332269
11.326872
18.259487
0.703026
3.995181
0.845067
0.133853
8.671019
7.379465
1.423632
2.130630
0.191946
14.411919
29.412634
1.164457
2.106260
16.224485
20.879820
4.352680
0.415590
0.321510
6.825586
3.992430
0.232567
7.002196
0.090935
12.385687
2.927257
0.328726
7.100698
4.055790
29.136093
6.285586
2.575309
9.887530
2.534053
18.767557
3.756471
6.385725
0.415174
4.442697
14.287661
13.104708
2.032107
2.050285
13.599511
21.319744
0.801754
4.783549
3.293326
16.364246
0.697763
1.897189
11.169734
0.421249
5.426626
4.668705
3.256545
4.014561
6.039169
1.407860
6.788980
13.095802
11.422297
1.336941
1.293091
2.497704
3.583742
4.200148
9.107908
0.466801
0.282305
3.979466
9.556503
1.719770
8.206713
2.406983
17.378500
18.083100
2.822456
2.090853
4.238762
2.201092
8.927301
13.992574
8.944615
13.914116
4.046601
1.359827
10.713789
3.576230
8.900168
2.524746
0.677753
39.230546
1.358733
35.668493
30.276054
12.631972
8.616911
6.898343
16.085389
2.733610
5.044102
7.727840
4.237220
4.461751
3.207220
6.645159
15.207660
1.800447
21.797467
9.345954
13.865203
6.498882
12.095467
0.130664
13.646728
0.327733
17.651902
38.589344
2.785885
1.889005
11.597738
2.333803
16.053240
0.868192
1.076989
30.963807
8.962911
15.012644
3.136397
9.028047
7.215983
7.393578
9.179038
6.852093
4.483802
2.582857
11.708214
2.052284
9.430452
2.125620
7.853681
10.997402
1.974511
0.494521
1.123056
7.451173
15.147489
0.368325
10.598622
3.340123
5.208803
21.144793
3.227396
5.008948
0.110215
0.680967
2.393629
0.225980
7.983810
4.446561
6.355155
1.535555
2.807043
8.720975
26.888753
0.413857
17.686199
6.880818
6.639429
5.549635
0.575355
0.753403
7.348587
3.335751
19.937197
4.174965
1.237167
10.034240
2.777797
5.963449
9.574198
18.441838
12.569095
9.025014
9.106309
23.339014
2.805817
0.008902
2.539135
1.966093
8.673761
8.034674
7.200611
0.131015
10.438542
3.126942
8.750335
6.505875
3.357294
1.156288
0.793428
14.247427
20.047167
8.393734
0.873468
4.113680
10.443297
12.106511
1.006489
0.000246
9.962166
3.527862
2.349401
0.103851
6.217439
15.238569
25.290829
6.672986
5.779971
0.711143
6.368048
3.824016
7.474320
3.937684
2.198644
0.798256
3.025739
0.813116
1.557391
34.952036
4.697386
6.072104
16.547603
43.352860
6.991876
13.390695
3.167379
2.919316
4.122736
8.930315
9.170455
3.029488
1.143668
8.005998
1.098717
6.911342
9.458268
9.648106
11.202241
16.499695
5.544521
10.482053
7.723275
1.652651
0.208203
2.678652
4.682004
7.679976
15.174791
1.747693
1.073279
26.479150
0.914713
5.208231
7.046689
6.236169
0.719679
0.469740
0.891775
7.047151
6.288153
2.129878
8.123899
13.721388
0.339745
5.515312
9.351688
2.326155
2.942707
7.607842
18.257186
13.282668
6.999851
10.481239
3.630806
8.194695
5.021596
1.685138
9.678271
6.503822
3.553085
19.383499
0.169251
3.035726
0.468506
11.637522
9.688180
3.219983
9.007775
4.032617
11.293022
4.843782
4.252033
21.833772
2.310839
1.026735
7.027011
27.873627
3.796454
0.512356
3.315707
5.640651
1.413162
8.585948
48.772428
4.808038
3.504674
4.095999
0.978663
17.183380
4.286764
3.918705
8.623193
4.667650
8.358301
0.507322
13.444178
22.574763
8.370407
24.731944
1.313643
5.191759
7.366542
6.973152
4.106119
3.300938
1.084945
3.977255
1.420208
10.605077
1.873949
0.482802
6.430237
7.235485
16.440368
6.882717
3.390836
12.996895
6.217082
0.660797
6.674932
19.089346
4.037590
2.811519
1.238922
1.313768
4.535944
7.244386
0.672406
22.449970
11.256341
7.067180
14.102516
0.668677
5.182926
7.956032
14.112512
12.240193
2.595535
22.625511
1.062272
16.644088
28.307210
1.559885
10.242975
0.328956
4.159238
5.810047
6.952304
21.983137
