# Poisson Arrival Times Generated
# Generated on: 2025-09-28 05:59:07
# Arrival time: 32 seconds (avg inter-arrival time)
# QPS: 0.0312 queries per second
# Number of queries: 4322
# Random seed: 42
# Format: One delay value per line (seconds)
#
15.016579
96.323886
42.135862
29.214162
5.427996
5.427081
1.914841
64.359388
29.410629
39.400002
0.665578
112.113839
57.165745
7.638004
6.421728
6.483566
11.608119
23.805691
18.097186
11.015136
30.283868
4.807505
11.056496
14.600871
19.485910
49.213952
7.127548
23.104933
28.720151
1.522043
29.930657
5.982760
2.152446
95.158009
107.860171
52.874610
11.625212
3.288874
36.888024
18.562907
4.164871
21.873511
1.119799
76.813532
9.582649
34.760186
11.953491
23.491549
25.319162
6.540435
111.769828
47.751852
89.763021
72.068864
29.153741
81.581932
2.964975
6.980310
1.481023
12.593027
15.748169
10.129934
56.465852
14.119264
10.553691
25.037027
4.860741
51.855475
2.479228
138.692683
47.343481
7.089262
0.177197
54.076697
39.267069
41.781213
47.206865
2.461736
14.204566
3.940803
63.632946
31.241638
12.858202
2.101378
11.919627
12.586055
41.852025
32.476459
69.832061
20.450116
4.075917
39.972043
45.772568
26.364400
47.164479
21.786071
23.669723
17.850054
0.823929
3.653358
1.021878
32.375346
12.076695
22.733990
76.200497
9.175642
16.905023
45.079973
8.313765
2.563337
10.948490
5.625867
84.958403
52.828387
32.111814
65.648631
52.095006
6.607855
71.386029
24.803197
52.715145
72.455765
12.247383
3.730949
8.277976
17.825846
54.522551
63.083039
0.223245
22.876037
17.288746
8.037355
4.085773
13.181075
91.619876
12.492282
23.406490
38.850783
14.463184
114.169540
105.024316
9.281961
22.005097
11.453775
10.727990
1.202703
30.095746
22.352628
1.691235
10.452029
76.443550
8.763538
5.008988
21.512708
135.809183
8.868634
35.684960
45.884404
8.682662
41.687966
14.672730
32.016120
32.122810
24.556328
3.028133
57.716633
12.377929
6.605827
1.332152
28.600909
36.219255
0.535262
22.964179
8.218373
33.155979
6.131335
37.574801
15.646678
88.331002
4.734221
13.348238
3.854217
82.758093
67.146679
9.546476
34.520408
54.383490
25.924236
24.136941
8.860065
3.127236
72.803943
73.816782
32.085437
13.249488
13.746164
41.422894
72.771115
69.796242
48.433990
32.873942
2.812535
5.641415
73.223376
29.839806
0.295667
3.423901
34.853196
0.162382
5.610106
25.462331
37.674089
33.774127
8.126396
39.853353
8.666360
12.596317
43.915442
33.560762
60.542594
34.298025
26.881418
3.147426
14.669322
9.861125
8.950407
115.593901
15.980400
71.233767
31.914700
50.682408
22.349930
27.524989
21.705390
6.950877
41.016378
10.546476
0.787727
33.183001
6.237874
90.274661
98.481997
78.832316
14.793197
0.498474
84.336751
17.886025
108.826945
106.039535
61.356385
11.160834
15.561342
60.951253
12.196679
5.942996
26.039584
88.041391
38.106419
27.011595
3.271302
30.544983
147.538232
4.829459
23.375850
67.155476
43.201096
38.210382
38.793202
14.255755
11.121987
53.035984
53.162502
64.574402
78.227711
22.914984
22.277900
51.230398
33.591010
38.737621
50.835823
70.634351
13.199437
15.069977
3.158273
27.629249
1.171331
20.051422
25.033427
10.804181
28.596241
0.991202
1.218032
55.339244
14.290721
4.348449
23.636915
47.028734
7.779776
31.207028
2.854753
1.698083
24.253086
24.893134
32.465198
41.438738
119.153824
23.241316
12.480631
50.740927
10.107247
18.495470
2.614565
0.821684
105.196158
57.848565
38.100567
16.827509
6.089809
5.443864
9.216192
25.497301
40.123177
34.540491
10.509192
99.139312
42.848557
25.863375
30.272975
17.409212
9.109161
14.080452
45.381819
0.463939
3.948173
1.507020
1.330606
61.894497
38.919700
20.569107
3.294621
21.648575
20.526411
6.086231
18.204772
16.266772
30.615118
32.259665
1.483594
15.020288
31.460000
22.382062
62.123183
34.399192
5.691292
2.341838
32.908613
0.859810
28.203116
90.152175
27.417038
15.721622
32.986469
19.614591
25.242060
90.820069
15.613681
103.970940
75.442438
6.972680
2.300293
3.399211
0.588476
3.174560
36.763996
2.363188
12.293030
59.632833
0.753504
53.904976
10.594671
4.024004
38.180973
31.724774
67.181306
42.505395
52.063866
10.602684
6.250665
44.440205
52.614694
149.024156
17.026539
14.887805
47.934544
13.335477
85.444414
62.554853
17.931380
44.473111
44.948256
3.482801
74.510262
22.518640
56.042642
12.343534
72.281296
15.775631
0.348698
75.453034
3.063220
12.308916
95.903116
96.254385
27.263913
31.975363
19.040469
11.104729
12.751563
35.722355
44.666812
50.182253
49.882593
3.060382
21.825587
1.897015
25.518762
18.641769
69.971797
13.830132
3.984191
4.937845
45.869778
30.812982
3.411479
2.811377
38.630671
2.417475
55.205947
39.199992
2.715160
2.836924
138.094674
15.002803
14.817768
53.618413
94.149265
136.600766
44.796775
15.104672
2.790208
48.039761
26.155533
17.665060
75.783606
3.772167
21.712163
0.365395
20.235340
1.854414
4.047712
4.000839
33.522188
43.859127
28.017721
104.791047
15.033490
10.767013
64.944081
8.098626
105.691843
0.391326
112.080862
1.411808
70.967079
24.004584
158.618515
2.453164
25.827509
111.474407
23.694206
31.764105
38.076840
19.396088
31.605574
28.090428
74.055449
1.488367
10.554967
96.127872
70.709627
19.461608
30.973857
10.395949
6.668933
19.937875
13.950513
28.039799
2.589513
117.278724
137.083698
38.331644
24.578510
11.852138
53.789029
36.938547
5.679157
77.385635
55.327824
95.735633
41.395328
30.412929
17.334480
86.368588
64.332556
1.480734
0.855066
15.115128
53.236727
139.656815
5.216304
28.855172
15.343158
112.118674
59.069223
58.310081
20.237298
17.146718
10.220445
1.856863
64.013636
53.635758
261.518259
182.235949
25.940851
46.889059
92.677494
60.632704
9.092878
19.162458
4.425483
98.567161
29.819126
8.307319
35.642545
30.805454
14.189455
3.857252
35.630121
23.507534
47.353827
23.497916
61.176644
25.688132
26.339667
66.968277
16.532714
4.604415
0.934561
45.025838
30.988767
38.965291
7.663408
4.691602
0.468847
13.813992
28.524716
15.935420
18.410226
75.041969
13.699284
23.088801
48.987896
16.162564
31.138895
63.460501
95.558093
5.090620
83.573208
21.680089
9.559535
19.666783
125.236899
21.711721
12.755713
32.111561
8.788111
2.524650
4.415207
4.384590
5.272317
4.782722
32.770690
6.423883
13.572458
72.671172
20.556197
35.241251
6.052113
6.833631
1.335271
5.921515
10.449540
6.233978
2.972349
4.113799
19.764139
7.394951
14.495396
22.400166
37.518638
1.283383
51.407816
31.634998
2.729454
66.180310
81.174193
2.016730
10.373659
52.509926
44.139432
6.527348
7.516769
14.809124
21.205202
30.816059
14.730002
19.868515
44.039326
1.195934
9.309972
39.983740
72.184536
22.936932
24.304944
3.627563
18.980584
24.339418
8.886170
10.037588
15.157280
0.648812
12.439192
7.601822
12.695975
4.082019
70.786557
28.812762
36.372255
49.814689
22.081165
2.909827
24.648268
28.285538
43.782933
18.081109
4.367509
10.680390
14.435674
33.223188
27.065015
14.086616
137.798265
29.786656
8.665425
3.434976
5.308425
9.033819
5.605276
6.607736
10.739387
6.092878
72.664046
2.676343
23.789195
16.905778
129.236549
3.802475
16.232256
111.649909
64.199810
54.357217
9.544803
5.996785
35.345907
84.812323
26.036814
27.127282
10.511201
46.959160
6.626495
12.514810
17.732626
22.671519
8.883603
3.903465
30.182389
10.898028
27.854498
5.365272
20.995884
24.337512
1.702869
13.132275
4.619178
2.095112
147.238442
12.452161
53.122260
9.404443
36.612523
45.698119
28.974291
20.411413
16.984250
13.729386
84.881794
56.819426
107.301644
4.247313
42.001644
89.156072
6.398586
2.201930
43.244581
27.341669
59.010469
4.817864
50.753604
7.205753
5.718886
5.742229
53.923305
35.014836
23.692031
14.222765
67.110485
15.946008
54.274645
18.504796
15.139826
19.877154
11.476649
44.056874
22.355290
8.455761
73.546875
15.498616
25.097036
75.823859
31.321578
3.978068
89.939734
31.618462
13.050442
4.799258
50.560045
30.968816
24.397243
71.785707
49.727680
5.263722
11.954002
9.141428
43.595778
1.091441
26.998834
45.997239
66.997355
13.397587
55.097855
3.751804
59.959807
4.364148
16.202068
51.072172
5.197497
8.332577
40.993379
40.739078
32.795015
37.888055
25.039011
9.282678
13.573862
6.412841
76.508036
28.019490
16.391861
19.837040
94.170360
5.327026
28.238227
22.559822
30.251018
0.584838
65.814193
86.079633
26.646895
38.171864
81.839019
39.308719
5.296336
27.478469
29.863067
17.659984
42.671690
87.157660
83.132039
19.179657
3.845719
134.053568
58.422980
4.260671
81.161854
65.261566
23.409644
28.630841
16.293275
1.802181
13.064476
51.961853
0.148569
12.982845
16.248899
24.668257
80.765615
13.605668
13.635408
42.800286
19.260089
8.140239
19.273035
4.858238
6.209744
22.076417
17.372039
78.825368
14.401107
27.804876
32.012505
0.421790
34.856582
6.273876
103.871945
5.150301
17.136036
2.854830
184.578612
22.321500
28.954218
2.221826
44.356360
7.539291
73.066075
7.346843
6.770254
1.191499
20.441145
26.625411
2.174942
47.808083
19.322709
23.781045
18.597807
16.387142
26.245231
5.398496
6.425763
63.326379
93.469175
14.953670
10.103404
33.050344
16.815666
0.822853
5.433075
40.277864
34.420793
0.879035
8.031775
8.408371
35.661271
0.637036
3.517954
51.488590
6.293687
33.846371
8.705556
3.351681
8.915825
40.995034
61.946763
56.744032
16.196560
35.292057
7.340589
11.101875
72.531156
0.418790
2.860388
7.457609
0.860497
6.406496
27.992599
17.509962
71.419617
54.422269
13.384730
9.610440
15.281274
28.554168
9.985975
31.313992
16.852353
25.698156
18.333613
11.161599
94.888551
46.152144
4.830544
64.912158
21.386251
71.985264
51.478863
17.720212
0.727219
10.012818
24.962808
32.118315
9.544150
4.802381
57.644387
133.139973
23.868626
6.027356
10.172047
0.593980
78.620433
4.008993
27.495701
10.249003
25.850736
33.724436
56.654054
7.398481
0.353815
4.710658
73.688689
66.259243
29.115018
29.362679
34.999495
6.170305
78.662706
17.363508
15.459546
23.414942
1.539349
5.819575
42.865251
2.765705
29.574471
9.008001
15.780552
10.900870
14.065551
40.626048
11.282289
26.740593
20.683513
34.869310
88.381493
42.204969
7.743860
1.013750
9.733418
28.929941
1.689449
21.948991
29.069723
13.018620
47.156799
3.607005
2.499536
41.684717
21.893447
37.313365
18.259968
9.052680
54.714358
51.408690
37.966362
10.164916
28.549148
14.329919
3.073624
79.766395
4.708174
96.015701
18.899232
6.551369
24.981435
66.020537
42.163449
52.569402
34.407607
37.713723
60.536704
9.191664
21.510965
8.000420
140.657869
92.270841
1.287203
39.127410
82.994674
6.372890
26.854493
79.067688
1.105137
38.253135
11.292639
82.631957
113.359038
92.389558
20.571565
63.385943
59.565673
12.298897
56.499121
1.206713
29.024276
8.364040
4.111289
2.562411
38.133694
13.290432
41.284366
2.162878
12.120332
24.813552
50.051115
12.282547
31.462691
69.483573
30.616208
8.486901
0.790509
65.311414
0.687964
66.465849
24.088439
89.535739
51.307921
197.830221
13.820116
46.640808
16.449568
20.917994
31.601053
66.205250
132.492705
46.790308
17.308294
17.506226
42.810169
8.730532
3.746133
14.013419
10.835491
11.245270
8.513957
1.376153
0.577139
140.799295
17.863032
15.521239
36.426645
7.879208
95.838600
49.388569
2.997236
17.298073
67.614175
92.657971
20.159598
30.412614
5.848396
151.342230
8.433221
91.520299
33.562018
29.946311
23.003256
8.391521
6.215225
7.970717
6.602671
48.391704
13.791221
1.906656
111.266695
68.874271
84.084946
168.961593
6.113078
16.146619
45.433711
38.105453
5.347612
54.141216
8.133461
8.107768
24.639135
28.761425
27.766587
3.070269
67.178394
9.878448
4.438549
70.270659
99.701643
63.405657
53.061999
34.077200
25.613273
2.912157
16.800464
14.921987
9.624718
41.128179
21.917839
2.704622
7.958280
36.789444
2.533915
60.966356
21.871585
20.961764
28.719618
55.716733
13.677380
36.264125
26.690987
9.940741
67.485166
51.092804
34.376530
60.832183
64.627860
39.431850
58.050779
38.258549
36.475977
30.845965
44.711053
5.526214
68.081482
65.744106
0.949872
55.924716
4.414845
13.060703
43.541082
5.608270
54.514158
57.106890
22.662250
0.205003
10.826475
30.704944
127.141231
31.973304
9.626870
32.164401
24.847904
48.429607
3.620705
45.805071
24.937153
105.491881
13.387395
32.043638
86.037151
3.460896
88.584126
37.260348
2.247925
11.457677
39.410912
2.231230
27.925815
13.583012
31.039878
1.498280
65.667611
116.166220
111.034741
44.316885
4.459558
45.436983
0.796615
0.715902
12.511545
21.462006
47.086366
36.793143
18.893280
10.230117
187.248920
17.774137
19.211586
5.717657
50.682134
37.860232
7.982353
2.751138
36.511866
34.009443
10.213947
96.420941
5.240457
18.119151
92.018190
17.416229
32.562081
16.218378
10.256055
132.280657
16.848146
71.848080
8.361786
7.669123
1.012130
33.747067
14.710370
63.927618
20.510500
110.338635
6.566790
64.949936
47.960874
47.158145
59.613844
45.804548
31.490840
4.502208
1.058141
81.164266
30.681846
50.952721
21.019468
3.992933
4.279800
37.023322
18.004983
7.161590
21.647232
2.123618
27.910574
10.026649
51.113833
11.890829
19.435952
0.374035
2.406567
15.948560
20.921883
29.322947
11.034711
37.996292
62.943600
48.430420
1.293601
20.956859
3.547314
8.868201
138.149845
4.919325
22.109631
30.807758
38.791146
26.245838
0.314205
12.646715
23.334819
2.943005
13.815933
1.080539
2.618806
16.182747
4.556432
26.824557
37.422674
51.596023
7.146604
5.865636
3.534362
32.377092
39.225438
1.027064
88.070210
1.707856
24.939228
39.508480
65.526514
40.066159
51.779708
13.269848
53.966546
2.672206
72.065610
25.381494
54.396724
19.265951
33.012448
23.916730
42.087611
2.724957
1.992001
9.082469
5.561968
65.729138
7.918533
119.171290
13.146340
6.433187
49.894819
34.400519
22.065443
25.935946
40.643806
8.299518
179.476199
117.780479
33.624099
7.122297
36.484729
2.397996
0.996228
9.535320
19.873770
64.864638
41.564895
43.441213
17.735795
13.585553
14.837941
140.610045
1.309944
64.564576
27.659256
18.475171
41.341490
21.338698
66.141003
73.908111
17.526358
10.371453
28.715108
77.905790
7.569949
31.213487
31.951296
42.269760
4.514100
40.261277
76.712103
6.338066
8.678707
113.733665
6.388578
61.657273
21.690270
9.087903
65.472192
18.858794
23.143356
14.242879
28.762283
5.713834
15.874269
111.589057
9.554748
34.216236
12.586375
47.516534
4.488537
112.019535
19.352030
8.616113
2.442807
5.953214
23.471947
13.151523
56.493116
18.037670
9.151016
30.723165
39.258323
5.848702
5.870889
1.195543
42.666564
34.882001
20.596933
59.487760
52.422346
28.170592
64.864340
7.375099
3.798177
10.059770
1.880995
24.240449
88.268199
1.284429
4.167484
19.258984
86.918677
12.160820
22.647120
1.358775
5.138293
138.072035
107.385738
0.158471
97.044506
32.614708
64.778706
19.407753
23.194754
21.474736
35.174568
4.813359
0.973823
11.778179
39.030347
7.214818
35.811789
112.116172
3.155405
35.730531
18.769211
64.833012
6.239395
37.750076
58.267868
92.589836
36.788360
22.000404
30.781915
65.018653
27.052451
0.987466
85.532976
37.429041
36.115121
7.773824
34.417184
16.020850
33.707236
3.606818
34.319754
238.135133
1.581216
120.955620
16.716982
65.473071
48.800962
26.785763
42.916057
67.455011
16.568003
12.673895
35.244682
52.782651
45.973868
51.154095
18.302800
54.490819
4.098271
25.162740
0.184810
12.557734
14.605906
16.142945
38.047248
15.741931
19.054867
8.678741
14.950733
8.250403
2.432419
29.598387
35.304367
30.919799
19.925684
15.286091
63.686807
23.425858
20.875341
0.831250
13.357052
15.307244
16.283696
27.773154
24.406947
29.960043
46.325540
53.650253
40.521112
99.609559
0.588827
6.972157
0.242932
33.364254
73.058624
8.928939
83.768613
1.989117
87.191326
13.865039
3.422095
21.289042
9.496274
10.729440
11.748601
51.989857
24.790628
11.934742
30.158872
40.297975
10.185976
17.077323
4.159327
6.395314
36.573878
6.406610
23.833104
39.506912
3.616988
26.807644
9.487071
105.435615
21.144588
52.475479
25.568360
1.420258
32.089791
96.774417
29.450510
54.729671
68.990289
8.283970
7.626051
30.212066
16.940078
58.614879
73.690123
13.953935
8.650484
48.528617
10.282116
55.341726
17.638186
35.240496
3.213185
31.289346
19.233796
28.267523
5.886077
42.723882
63.561416
7.817290
3.219527
0.765519
32.868566
29.893919
25.318253
8.444693
15.865045
28.882434
21.974455
140.964261
4.694132
38.013362
16.577587
17.886890
40.461532
37.730322
151.660378
4.397380
3.517992
41.234649
27.637352
10.253651
2.648022
2.865628
71.875792
6.816929
12.500256
8.225019
14.031976
2.302444
23.424394
2.240219
51.559105
8.518314
24.849750
67.869530
33.674625
24.362740
12.545793
12.958979
35.427493
164.463894
34.695479
26.110576
41.975857
20.027934
1.984859
26.438856
101.158510
6.167653
37.478360
7.177963
24.559982
3.253583
19.152373
45.160213
13.665720
34.987561
50.782165
83.831510
8.557174
16.309956
5.291691
156.500959
83.753891
24.845939
59.051872
23.550943
31.266075
2.987167
45.043246
4.372395
55.970840
48.748450
39.473762
1.178572
11.556929
9.770244
14.288008
2.935156
88.446442
25.823777
11.667140
16.185838
18.968435
29.368885
23.200264
80.581025
21.986960
155.144424
61.013284
7.482838
85.369583
3.958809
54.423346
15.329332
67.312761
64.812253
52.464405
49.945366
11.628220
2.700203
16.505759
6.098721
37.993061
13.593614
118.834890
32.779364
55.317606
4.549383
63.379409
81.945646
21.363204
29.825490
46.315543
6.149642
22.345362
16.275194
5.064388
14.660143
2.259436
0.836828
4.646977
105.598507
25.518809
108.037691
18.128345
11.958375
22.576223
18.526301
3.573584
32.766375
7.788639
30.928009
33.612699
5.276926
2.025991
48.563056
19.706132
1.917565
168.701823
1.904547
38.001888
131.689538
8.747476
4.910140
4.141069
11.563671
3.408743
37.701743
2.058127
22.789480
182.812156
53.819161
30.562626
11.700763
31.292453
23.959922
17.768677
4.482526
69.659874
19.118257
6.926214
14.671526
17.109022
56.242488
42.329930
46.933066
0.354962
17.219777
21.008471
0.620123
9.627287
45.706390
4.718967
24.524321
7.754520
0.390235
8.832607
119.182561
51.748901
102.667122
21.412660
3.719599
25.407471
19.386484
59.526108
3.303434
21.436856
5.202438
12.562003
42.782716
20.681542
15.085629
16.053169
19.685189
49.190214
71.245073
99.473858
49.472308
12.125780
37.285886
18.417520
9.405729
58.817399
1.253892
74.251587
19.805630
32.445044
34.461160
72.157341
32.398173
30.455868
2.207270
23.381057
5.206969
42.792061
22.972631
36.484683
1.362116
2.835326
40.317452
2.394062
2.365534
0.389836
100.320848
42.801153
13.945524
11.255615
13.770446
47.683718
34.651169
6.553829
6.121372
3.314544
34.550413
46.256122
9.854334
0.677357
2.743837
110.004960
11.206034
46.921729
31.357840
15.397413
7.368897
4.141123
30.545460
47.680914
33.041780
24.181300
1.371411
110.637169
51.296942
11.087134
125.137298
29.472186
27.945136
44.115732
53.442865
34.192189
4.386421
13.212605
84.232048
8.140684
14.895396
18.104615
18.520209
30.373583
91.713132
8.811159
4.145310
7.039573
69.750499
33.213571
10.775737
54.160998
63.230296
59.972740
80.396785
9.301586
45.013383
19.749943
59.044835
41.720282
47.939480
34.162694
6.250246
25.200545
133.693651
88.665580
1.412270
5.763258
4.520036
41.425723
54.482233
7.685664
22.557492
58.783522
42.232436
25.004933
28.558288
22.720309
11.301723
26.638714
37.362996
66.115650
32.364869
45.817612
5.582037
19.810385
0.300014
9.064437
41.482038
153.754734
3.342327
16.426216
51.513370
7.302428
25.915901
42.264758
30.626395
6.665133
14.051244
49.008428
25.854219
0.167787
45.800098
1.150396
43.819951
7.239970
101.498775
14.680709
12.669067
5.158771
11.670822
66.967540
179.479879
14.699385
19.050050
40.972460
69.544822
28.769633
15.897619
17.026766
38.063113
0.103151
30.928125
14.056628
50.586800
3.123280
28.391136
20.985573
32.900224
2.145670
27.758783
26.379530
26.319421
29.601540
36.110626
52.310378
10.062886
55.784054
22.069268
2.566054
1.930721
13.018352
49.172422
39.357100
49.730368
23.305467
18.565565
5.104844
12.729082
18.214253
2.968764
7.975879
29.179641
42.576989
204.975132
86.552179
32.921674
17.500202
32.354841
49.284884
4.030223
16.879090
58.603088
15.495589
27.146678
28.357513
6.525592
14.393155
13.031475
0.849471
0.783654
57.023668
10.205639
23.359187
11.355392
90.393473
9.604967
17.968545
65.966286
59.031676
6.589424
51.927762
19.610693
21.108870
4.584642
2.689141
41.655363
21.955021
18.374736
41.840435
46.411350
5.537742
30.149952
4.653926
44.537916
34.236611
100.404249
2.286429
1.879905
10.609481
9.709207
9.077181
75.749519
9.186470
10.156326
45.587592
19.115651
47.977165
2.163214
21.394992
1.094129
2.070462
75.812004
4.798266
24.325961
16.943726
13.654530
73.629438
0.706082
34.880588
105.841759
26.283612
88.377806
1.717531
17.364763
9.642187
41.996114
127.330438
9.485662
33.978280
7.064589
26.661400
19.951845
114.423716
30.010862
13.760761
3.876686
5.247580
8.169641
9.247097
60.839536
26.360432
23.713877
3.901008
62.947557
41.058164
2.242134
39.373981
25.096010
2.728280
19.617412
21.215962
5.800050
93.222302
60.702586
35.382540
19.854280
16.980149
33.683435
25.229039
2.057489
22.991054
52.543353
19.672944
1.707359
49.378563
7.195191
9.575779
5.759102
12.825556
45.237496
23.446097
7.336443
67.274957
67.737122
65.429766
8.731333
19.202973
134.368503
47.310860
0.881385
2.157683
19.951779
76.778194
24.758739
22.041016
3.566751
34.220286
55.249646
15.318831
47.820093
106.802085
7.291608
23.709762
10.830956
50.378670
27.577179
32.214865
51.170007
16.132230
78.917255
24.367611
5.501492
38.092665
50.441595
12.189169
62.277279
75.711541
10.374847
131.382308
4.852819
7.221322
6.515728
71.815012
33.989196
5.279924
18.572678
30.569163
2.788929
68.499374
52.083836
22.515690
109.282942
17.307975
132.546732
35.276140
32.222647
5.806969
68.366676
17.847185
5.664504
0.406005
26.253614
23.984164
40.661115
70.707955
2.647578
42.076521
6.640992
62.501627
54.707495
24.904187
39.638782
12.076421
20.386697
55.165885
19.674442
14.171289
21.812434
56.374752
13.064996
6.107901
39.834991
55.954393
3.394210
8.776679
4.899793
13.683868
19.151211
44.211542
33.699402
31.040980
13.902188
58.933435
20.393915
123.783757
32.176332
4.319291
36.081918
12.582294
37.100956
2.309917
6.151302
61.955810
8.246673
58.056237
10.479972
32.950041
37.909196
23.001039
11.657298
7.650408
1.080084
11.594516
33.884792
89.137582
65.584937
46.486753
49.705003
34.994550
9.647770
76.072163
35.548295
26.303440
3.764678
18.959927
19.739194
63.976102
25.314781
15.317826
120.435749
3.755002
17.572182
1.373864
43.094558
80.063041
10.513789
62.538793
11.059823
77.329273
44.872605
52.296889
0.581461
105.335199
41.506530
11.631532
56.588876
10.579810
65.972218
3.821995
38.922736
24.897548
3.248554
8.861819
0.399411
20.241804
11.471491
29.190171
11.287575
11.409901
43.501799
1.578889
74.622796
61.194481
35.265030
28.783572
71.309724
6.559116
2.632376
8.761361
50.646088
1.129137
27.974590
172.476419
61.946680
23.583538
2.104199
56.962213
29.239688
3.906942
3.153871
76.921847
35.399748
56.568650
67.577292
27.139211
23.317222
18.011809
12.197831
18.246870
47.574014
29.475549
71.375395
18.747921
29.893556
31.929359
28.663876
38.809306
8.674097
22.981939
3.522105
15.530840
21.400979
33.798318
96.205124
29.373431
43.551770
22.584272
32.172999
2.354355
9.393751
14.373976
20.467002
1.495151
4.827229
10.370856
113.887965
12.879682
21.051498
6.984882
30.195543
10.542510
7.421526
23.259334
0.176672
0.246194
7.912584
1.197202
3.658177
13.241301
51.918420
27.159864
23.001891
11.117320
85.908235
16.187617
2.915872
30.716607
3.867390
13.550745
22.658625
66.343712
21.770334
38.768976
157.952504
4.511205
10.278828
16.058444
17.532294
16.939676
76.215916
40.060084
29.960053
11.844960
55.554592
99.278029
55.087290
0.050123
32.374550
1.679653
9.532058
1.963837
29.626389
37.127768
3.890844
15.495897
19.495708
14.737070
4.127962
17.373269
44.512566
2.356953
2.674473
14.020814
90.963018
35.339092
36.329168
14.377331
28.818143
0.325851
32.347690
78.244828
30.343329
66.210692
41.192217
4.110980
74.477572
2.200133
24.431995
4.905952
0.376822
17.543702
11.187687
21.297055
27.547384
1.431183
4.200065
26.172795
13.450433
41.800859
33.804519
59.783581
37.736220
17.983936
35.766177
10.307505
11.703525
49.786458
18.923140
51.243911
55.307118
62.363227
79.504946
18.043164
12.287918
27.927982
14.844742
29.407352
39.128572
37.313634
15.017232
5.841722
18.017536
4.923005
70.661038
13.582738
5.368944
0.824869
33.214616
32.418668
13.325801
2.381220
16.864126
11.930551
36.175249
29.787016
14.511702
7.864421
141.627210
19.364457
37.300206
4.846915
21.271491
0.893535
22.531756
106.391040
15.515006
1.272855
1.006241
15.712044
5.580258
0.756130
45.166813
19.630551
10.925670
73.709353
3.950574
99.895122
12.058532
70.171748
29.557604
56.088754
132.351667
10.887903
103.925557
15.790315
15.582903
13.315268
24.946992
5.357036
25.817269
24.967737
45.922308
57.397154
18.579422
11.520439
9.606615
6.926266
1.900031
13.415405
10.081603
108.599897
26.105179
13.651280
27.795665
4.796456
18.786102
31.492039
21.477945
16.441430
162.913320
67.932480
31.250799
26.960740
31.018357
7.193121
16.088145
1.288293
20.652724
25.060022
8.270291
106.401215
76.860929
40.980785
24.392136
65.279476
4.480389
50.018505
4.266452
50.588873
10.324573
67.081844
92.260977
5.155310
19.876905
126.804871
21.136025
63.736924
28.432290
15.057012
10.770215
7.269778
45.908385
15.636513
22.910600
21.693272
27.553375
64.216474
126.390105
16.753489
56.238968
46.277197
27.270745
99.988405
7.159580
3.702638
61.564422
18.505647
60.067642
71.544635
2.063785
68.785971
19.033133
22.855453
31.522720
83.483967
0.617637
20.731986
37.243571
41.045773
37.740341
4.619935
11.385980
14.217028
52.219960
10.457061
7.571683
101.024924
0.284890
196.122336
36.145595
56.415777
11.168568
0.461399
42.845212
57.492446
43.165011
4.932566
44.803230
46.880107
34.384840
46.493751
59.849366
30.428570
2.968914
21.398527
2.586553
16.751265
16.727695
2.185260
13.727040
3.764989
52.847543
94.416960
2.402068
99.316999
23.659250
11.393750
2.559252
22.220688
50.636316
39.292091
1.648999
2.422266
16.500030
11.199028
8.462915
10.556806
52.064161
84.745363
16.619727
75.700546
12.411663
20.707132
8.199068
32.735183
123.594687
29.601978
14.172078
33.395380
4.197051
70.245070
22.378694
19.092973
28.210008
31.368098
2.383424
36.724695
8.863417
40.051132
55.327383
52.141726
25.730589
23.498342
4.933524
47.782224
10.132585
21.969913
10.702656
4.597510
31.777842
1.787640
44.188478
12.227838
0.004310
22.901021
1.535520
10.342340
39.280078
2.071706
58.510578
0.122472
9.070598
43.217819
12.166157
3.438892
14.292885
10.087988
59.189636
12.029681
49.778469
71.182109
18.202838
77.034050
15.159021
106.445342
2.992968
37.171637
21.787237
15.694378
32.051477
38.941221
0.139930
5.845290
39.949873
35.128604
108.249374
45.806395
96.361827
38.799270
11.324680
3.562860
48.718482
33.063802
1.580341
14.283711
100.541136
22.206393
18.141388
19.581926
7.497890
14.719534
14.775651
1.720811
46.692991
17.238990
55.263451
60.782166
7.623989
34.273790
20.454171
67.890257
7.776498
36.243961
29.947562
11.199526
4.700104
33.744581
42.934200
12.136086
33.125314
16.087783
39.967813
7.109220
70.695405
10.843152
14.672874
1.915124
3.783500
23.212323
9.965391
57.751184
0.473677
15.250421
13.168052
0.624539
4.249914
17.082429
21.727271
16.576028
24.224628
28.934188
0.319148
19.961557
105.933511
23.422564
36.217063
11.960595
47.589828
47.438702
23.573534
119.368883
4.293133
0.546973
47.051651
52.667882
4.098204
9.877698
0.566663
11.109159
47.469774
23.351337
13.691435
14.873602
0.043345
11.404481
33.272163
117.029295
60.086880
0.764089
73.225400
48.920726
48.506843
19.599406
16.240212
11.547167
2.174470
8.290421
9.061242
21.177532
44.035964
20.546963
1.906716
101.282989
91.516133
49.215976
151.924623
25.162265
105.299075
2.515707
14.566493
8.172299
6.974350
4.856224
31.166591
48.644937
27.630634
5.086465
53.333227
32.335264
15.721401
35.880245
9.631254
13.549233
79.833133
10.982436
20.315396
70.673882
39.361525
2.055104
5.099234
0.251920
31.895895
18.995705
4.614010
101.392587
24.137563
8.861796
22.219362
36.423953
2.537668
10.277606
52.636362
19.698103
25.309764
18.146289
1.436567
5.799101
18.872434
7.510138
1.640679
59.380993
127.152035
50.423262
61.525651
8.865335
103.509579
7.017857
96.791850
168.410046
39.802649
127.069116
26.972812
9.615554
18.382987
28.810280
2.428470
31.160627
127.127047
6.747326
50.338638
76.315752
92.066849
103.112694
23.584471
121.143641
45.311079
5.643046
20.735451
40.544745
9.092547
32.747570
35.149240
5.682321
26.643372
47.256788
22.110110
0.389663
0.290546
14.132998
83.402118
8.308729
32.195716
8.036041
12.419884
60.292854
41.764010
3.208372
17.915019
0.947317
20.980472
34.751817
4.036264
10.909473
16.231247
80.636274
159.966594
1.470434
45.802396
14.872826
15.946697
44.912046
80.200000
96.463321
27.541534
14.137568
49.569418
9.248581
26.569051
14.210189
34.206394
8.798780
6.806066
80.126591
3.435732
22.564306
7.985769
1.270656
1.173872
6.164504
64.501791
10.622487
96.158660
27.883861
18.361300
27.766787
23.267659
45.504972
10.623259
13.935580
71.846599
93.672356
71.385799
17.400829
48.505296
20.700944
22.023646
7.328348
28.619480
6.590780
12.890101
61.799355
7.424885
2.362142
2.288133
90.450313
22.626712
16.852376
53.291713
57.818496
12.920100
37.853529
47.186231
34.022364
5.260712
66.769001
24.785996
10.622205
17.721029
1.225442
4.378020
46.415970
0.000372
17.242357
23.654798
1.797874
115.674161
8.203051
11.606118
11.594337
8.380993
0.047197
41.821106
109.010458
8.127393
34.809997
43.340606
60.373671
17.576659
11.547864
12.591357
39.902545
54.306072
6.413476
14.832968
74.309688
52.591308
134.089905
44.909870
15.985540
28.580961
34.617511
2.614546
25.163292
39.537124
5.859438
48.544106
28.048767
97.317936
1.387149
9.866515
29.445856
11.256722
40.103925
45.535368
3.461118
23.079912
22.754825
14.748623
86.462139
56.236630
38.230840
40.092999
19.819816
81.223618
37.955773
41.778130
63.304457
10.249724
52.653841
6.950782
13.556552
13.084372
122.908404
62.133750
38.652159
41.551726
26.422483
94.053617
21.942161
15.323877
5.695150
49.367703
42.429737
15.522715
0.816518
58.442698
0.367477
38.924227
112.485285
18.420832
8.571030
39.050968
54.367027
25.299404
109.194152
1.697644
22.489109
40.558696
63.524912
6.321394
51.502570
25.745331
16.163142
4.519530
64.149559
5.475599
11.864201
10.961742
65.637043
35.740392
50.975394
9.225796
31.375794
27.137240
57.239881
75.692387
0.391401
35.869408
1.703283
25.471187
10.853173
11.724895
13.931035
31.071712
13.009300
42.220163
16.588796
2.265648
49.003701
10.769085
18.143517
37.010969
12.932807
1.863991
14.984921
92.494280
32.847381
35.620959
32.014059
7.100305
17.339477
44.481940
3.420388
10.416840
10.348952
18.101350
125.780228
2.236443
23.400530
6.325647
112.939763
3.848081
16.539052
42.847100
39.016661
17.582170
13.614391
16.219333
9.820819
7.354625
21.113254
10.006535
10.845490
34.218045
110.686514
29.613610
2.563322
2.514966
96.787509
11.289988
3.090710
29.244962
31.271439
33.457897
9.957062
0.487232
107.291086
9.243952
36.066973
39.242247
30.132082
12.009158
10.118835
29.135308
64.340141
93.838463
3.582213
5.382907
92.660424
42.682740
68.656914
7.246073
28.343273
38.648918
36.473088
16.784157
0.496468
27.983736
9.338433
19.145580
101.125096
16.295012
58.602953
6.685470
35.716692
120.722031
3.438918
0.267352
18.189579
3.110400
44.155282
78.713863
18.214344
9.579699
18.235969
41.131384
0.291053
28.488553
30.402706
32.488008
8.867233
40.062331
3.066911
7.111420
67.180792
42.949591
0.442909
9.136622
7.722105
10.106109
9.101879
2.066130
19.655234
42.224285
29.864425
35.756887
2.708208
96.831999
58.342386
52.327008
55.408450
86.360038
25.146226
7.151876
30.692975
43.462982
42.851057
23.583761
2.269273
14.841715
81.131439
28.100791
24.733092
10.020526
14.706447
72.227087
35.136052
49.545017
19.384613
31.837461
9.136935
39.114985
17.853426
18.699981
33.532409
88.104530
2.116691
55.728101
11.067278
18.778948
0.709024
11.461455
22.349554
1.850101
21.615851
83.801998
3.563872
46.265367
16.866412
34.070864
9.645596
5.559972
5.596937
2.339194
6.571551
34.921512
68.302469
53.845906
36.979492
3.744614
10.923089
11.865083
9.203989
23.155778
24.541107
14.125864
13.972142
56.431880
49.833153
11.771978
78.430434
97.717747
12.660079
14.003642
22.543343
90.632563
66.881700
3.462972
15.961056
25.792878
22.381819
6.896053
62.646296
36.157428
58.226993
62.634400
44.151658
18.509115
30.176367
5.593232
35.832666
6.321302
37.888175
8.346977
4.001748
5.781258
0.063812
40.591181
42.184508
23.151007
5.631267
2.792080
0.618057
5.799039
70.882653
8.846754
13.996028
3.562165
8.047784
23.435360
29.947607
9.008137
1.902903
15.871712
8.538837
7.932468
102.894456
30.652658
26.045157
17.199017
17.928595
24.911940
38.148557
38.756869
6.027921
22.187927
16.990626
65.417045
31.939026
24.331668
3.923637
29.775543
3.989153
13.161341
4.932255
37.692628
7.391661
15.915172
72.327748
7.313716
22.684174
17.391111
0.585289
50.363796
2.289450
20.574048
26.320746
31.680271
37.336915
9.345754
0.320925
41.130903
24.548189
57.875418
55.121327
59.314852
21.240710
12.989050
50.179054
19.206167
6.485042
61.786956
68.538453
20.094070
2.518985
15.703644
52.073105
74.255508
7.279806
2.218297
67.149574
15.786281
24.971658
110.210500
2.204277
33.440894
2.463837
15.064134
52.118236
18.183334
187.899311
26.203035
12.395936
7.955331
13.810690
14.914068
2.278032
14.763514
19.970119
41.049327
34.215567
39.476065
0.268763
7.855210
34.680824
21.172093
0.170485
52.229360
47.422935
25.440028
2.200801
46.548405
28.044216
48.738453
44.585820
51.985986
23.354493
4.838410
35.589641
31.002611
43.384881
5.957959
6.940230
70.752152
44.358578
76.430508
45.496890
29.094533
33.974407
70.380103
27.669233
32.023561
5.445369
20.553738
40.325770
10.112094
7.230888
12.052007
8.845226
7.742729
17.700028
76.294815
22.635747
6.661020
2.563051
38.119723
15.441925
55.200718
34.475897
50.906226
10.156164
37.722288
9.811500
89.536149
32.372166
12.554227
10.049353
6.779700
37.960544
7.898114
28.947754
9.836427
34.707760
53.986359
48.166132
45.781436
6.653220
2.961199
38.415201
14.701294
18.119795
1.012625
9.617053
1.096208
67.632039
8.925318
26.078301
1.272299
35.172948
12.483981
73.023696
70.089991
12.591143
73.991696
177.973672
55.851115
59.632016
9.163560
27.509754
2.227981
3.191349
217.784039
12.655170
44.129801
52.586596
62.466948
193.412710
8.845051
1.318000
16.948938
4.459353
0.725798
14.302536
49.000506
26.724069
12.003132
33.993774
8.447655
0.463548
46.253504
31.279459
45.976222
1.270924
58.071656
30.922815
26.519270
31.353618
63.945316
28.292927
27.832510
149.616071
45.234689
18.685536
39.326033
15.777139
8.316973
29.070439
84.275888
84.705357
13.389005
24.002982
7.609448
173.863878
127.025322
33.549442
52.216173
40.179763
28.778589
1.754359
19.409190
35.944729
36.216006
14.944138
90.944504
5.860811
22.203723
37.569235
38.223065
33.470111
10.303400
5.435122
32.334000
29.265521
6.325309
39.080055
19.433124
35.260783
58.120309
5.952078
0.618576
48.321820
30.106656
38.488707
58.275713
51.954953
103.748743
24.567386
21.452773
16.447229
5.339865
27.201659
10.379628
81.350643
28.004055
28.753584
14.028421
1.708465
1.032273
17.615809
2.827403
29.873802
68.108959
68.635313
34.432191
7.593051
63.608039
69.516057
7.007016
42.791125
10.803208
51.927276
188.536447
0.975553
72.850711
31.184978
116.038108
20.016202
60.155394
2.061617
13.068414
2.219770
118.486395
54.340050
61.255957
88.961929
2.846218
15.587366
2.357891
7.575256
8.337326
20.262246
10.007778
3.406333
5.865963
5.098203
115.672539
45.573530
109.906970
18.539366
10.439700
51.230083
12.636863
11.385422
8.467987
4.444581
9.482779
14.048026
35.866884
2.067446
7.563656
52.979380
5.084935
13.425001
63.998630
5.386569
2.763548
21.206134
11.524396
26.520224
52.116661
4.720405
27.813326
22.535227
4.978462
31.301187
10.230723
21.411428
2.747347
19.693317
11.710444
55.299701
1.877326
17.354522
19.625139
41.312201
27.327719
35.208021
48.025745
63.423152
12.054278
24.711665
58.664230
145.655572
70.493265
14.859749
6.947836
21.508933
43.309022
21.708630
21.121994
58.290634
14.351453
62.868714
16.711416
12.731004
19.363770
45.995659
4.309671
6.997682
96.801744
6.174975
26.838358
27.707830
21.523471
33.117444
8.356472
25.742125
14.895713
34.679214
4.871892
27.072405
6.556766
10.451879
7.897876
6.461365
55.905285
10.766811
83.807773
112.131576
27.100982
4.938197
15.016995
51.141217
14.652874
2.913224
26.038403
59.683525
50.856784
6.160677
35.746417
7.971458
7.877311
66.305381
9.191705
9.776098
0.020915
65.452177
50.338591
31.585892
44.395455
5.277821
19.618768
13.845141
3.151019
21.305149
81.120553
1.308275
11.025602
7.443662
8.704038
76.502441
20.199731
20.093449
45.744568
5.370172
21.375898
17.986975
29.075108
247.152945
46.953047
16.232793
56.245300
5.989869
0.989995
7.319025
13.316455
22.865146
30.555118
77.270354
22.817664
22.262455
1.649572
1.137137
25.634839
18.450281
58.479104
5.605208
0.809240
19.074907
8.675989
1.628399
41.264783
3.786410
29.993882
10.558820
6.097619
15.284324
51.734178
15.927498
44.460087
4.290794
47.417562
8.653116
36.202266
26.694641
84.707704
15.677332
2.190583
0.618923
56.116686
23.804290
47.767684
8.548124
13.543933
0.978122
104.220726
35.271121
86.596108
9.873933
30.251790
36.312244
12.226098
60.306997
94.096464
69.170051
42.991729
10.399647
10.584035
105.811952
0.330808
40.286625
39.200421
31.189982
147.715663
11.961319
13.295130
2.631342
18.714486
9.680737
13.461121
57.574975
87.707199
6.574945
14.912827
84.476337
2.041637
3.101057
5.685809
28.940604
5.218390
110.221093
18.940198
22.278007
9.063577
20.374135
34.702525
44.512449
44.860404
27.599743
75.109177
54.416009
45.276539
1.830762
0.220855
7.642399
34.855272
16.949262
16.475012
69.095594
72.293434
76.762355
12.054398
37.587029
10.142416
6.767174
6.531721
13.398845
17.985426
56.881787
4.086708
42.487861
24.259934
10.867219
21.724432
11.410950
29.009385
18.204335
5.747580
3.966657
25.318131
74.464363
13.488960
42.256225
34.396166
85.815153
55.048430
26.755402
34.243640
73.170514
16.320765
12.662558
0.347838
56.059907
51.659311
3.530313
27.521472
19.954783
4.043760
126.107065
7.733895
2.227235
28.911726
42.967174
1.055405
34.401443
24.317147
3.487837
6.060001
26.856646
11.247521
89.143242
54.650371
131.471243
9.621132
111.916411
18.057150
13.663134
1.653161
1.734667
37.686145
19.595465
8.219442
30.458912
9.328006
27.580087
14.241649
55.511371
54.997552
20.763009
13.825404
14.409434
52.429654
12.728450
7.505036
2.831701
20.117064
21.057123
58.824867
8.001622
15.348349
52.876012
55.524320
15.536026
19.666089
11.564164
86.286113
4.041388
86.857955
36.850897
24.267942
1.062537
20.655784
16.762344
5.625773
34.185761
113.461656
26.430961
40.140825
2.268989
17.302810
3.958522
30.361701
89.229697
34.689664
2.557206
14.015603
25.599455
16.517959
57.396009
53.939926
30.282065
14.961260
9.434325
3.581086
14.027083
17.056781
36.046892
34.349183
2.325983
16.094577
6.419925
5.458117
56.198776
1.370208
17.386219
5.893365
67.670321
26.056863
8.421101
22.336434
42.075314
101.532779
7.969066
69.540883
87.127007
79.422641
32.287801
31.800566
16.518114
44.669830
24.248948
36.206724
17.901348
42.076518
55.678527
5.066722
57.258902
24.869556
59.589666
18.060967
15.247661
78.906201
9.255754
59.496360
21.174028
23.095778
11.803080
27.234243
12.587377
1.281960
10.158474
0.204783
122.655071
107.967592
16.089073
41.706162
13.579248
35.583383
52.382832
93.851992
16.357743
48.935426
9.892761
148.446888
0.835438
29.604861
34.475447
37.276740
4.104765
89.254480
6.396640
31.195398
8.060740
11.745204
25.301395
17.276797
5.587904
5.998669
17.329076
45.307489
73.037950
2.812105
15.980726
3.380269
0.535414
34.684078
29.517861
5.694529
8.522521
0.767786
57.647677
117.650536
4.657829
8.425039
64.897940
83.519278
17.410718
1.662360
1.286038
27.302344
15.969718
0.930269
28.008784
0.363741
49.542750
11.709030
1.314905
28.402790
16.223160
116.544373
25.142343
10.301235
39.550121
10.136214
75.070227
15.025884
25.542901
1.660696
17.770788
57.150642
52.418831
8.128427
8.201138
54.398045
85.278976
3.207015
19.134196
13.173303
65.456983
2.791053
7.588755
44.678937
1.684997
21.706505
18.674821
13.026181
16.058245
24.156678
5.631441
27.155919
52.383208
45.689188
5.347764
5.172363
9.990816
14.334969
16.800592
36.431633
1.867205
1.129218
15.917866
38.226011
6.879079
32.826852
9.627932
69.513999
72.332400
11.289824
8.363413
16.955050
8.804369
35.709204
55.970298
35.778461
55.656462
16.186403
5.439309
42.855154
14.304921
35.600673
10.098984
2.711010
156.922183
5.434930
142.673973
121.104215
50.527888
34.467646
27.593371
64.341554
10.934439
20.176408
30.911359
16.948881
17.847004
12.828881
26.580636
60.830641
7.201787
87.189867
37.383816
55.460810
25.995529
48.381867
0.522658
54.586913
1.310933
70.607608
154.357374
11.143539
7.556021
46.390950
9.335211
64.212960
3.472766
4.307957
123.855229
35.851643
60.050577
12.545586
36.112190
28.863934
29.574311
36.716150
27.408371
17.935210
10.331428
46.832857
8.209134
37.721808
8.502480
31.414723
43.989606
7.898043
1.978083
4.492222
29.804694
60.589957
1.473300
42.394489
13.360493
20.835213
84.579174
12.909582
20.035792
0.440860
2.723868
9.574517
0.903919
31.935241
17.786244
25.420621
6.142219
11.228172
34.883899
107.555011
1.655427
70.744795
27.523273
26.557714
22.198541
2.301420
3.013612
29.394347
13.343004
79.748788
16.699860
4.948667
40.136961
11.111188
23.853795
38.296791
73.767350
50.276378
36.100057
36.425236
93.356055
11.223267
0.035607
10.156538
7.864373
34.695044
32.138697
28.802443
0.524058
41.754170
12.507769
35.001341
26.023499
13.429177
4.625153
3.173710
56.989707
80.188669
33.574935
3.493872
16.454721
41.773188
48.426045
4.025956
0.000983
39.848665
14.111447
9.397603
0.415404
24.869756
60.954276
101.163314
26.691944
23.119883
2.844571
25.472190
15.296066
29.897278
15.750737
8.794576
3.193023
12.102956
3.252464
6.229564
139.808143
18.789544
24.288417
66.190413
173.411441
27.967505
53.562778
12.669514
11.677262
16.490944
35.721261
36.681820
12.117953
4.574671
32.023991
4.394868
27.645367
37.833072
38.592423
44.808965
65.998780
22.178085
41.928213
30.893100
6.610604
0.832812
10.714609
18.728018
30.719902
60.699165
6.990774
4.293117
105.916601
3.658851
20.832924
28.186754
24.944676
2.878717
1.878961
3.567099
28.188604
25.152611
8.519513
32.495595
54.885552
1.358979
22.061249
37.406751
9.304621
11.770826
30.431369
73.028745
53.130672
27.999404
41.924955
14.523224
32.778780
20.086386
6.740550
38.713085
26.015288
14.212340
77.533994
0.677003
12.142905
1.874023
46.550086
38.752718
12.879931
36.031100
16.130469
45.172087
19.375128
17.008134
87.335087
9.243357
4.106939
28.108046
111.494508
15.185815
2.049425
13.262828
22.562605
5.652650
34.343791
195.089714
19.232150
14.018695
16.383998
3.914650
68.733522
17.147054
15.674819
34.492772
18.670599
33.433203
2.029286
53.776714
90.299053
33.481628
98.927776
5.254574
20.767037
29.466170
27.892608
16.424477
13.203752
4.339781
15.909020
5.680834
42.420308
7.495795
1.931209
25.720949
28.941940
65.761473
27.530868
13.563342
51.987580
24.868328
2.643188
26.699727
76.357386
16.150362
11.246074
4.955690
5.255072
18.143777
28.977542
2.689624
89.799880
45.025363
28.268720
56.410063
2.674708
20.731705
31.824128
56.450048
48.960773
10.382139
90.502044
4.249090
66.576354
113.228839
6.239540
40.971899
1.315823
16.636952
23.240188
27.809216
87.932550
