# Poisson Arrival Times Generated
# Generated on: 2025-09-28 05:59:07
# Arrival time: 0_5 seconds (avg inter-arrival time)
# QPS: 2.0000 queries per second
# Number of queries: 4322
# Random seed: 42
# Format: One delay value per line (seconds)
#
0.234634
1.505061
0.658373
0.456471
0.084812
0.084798
0.029919
1.005615
0.459541
0.615625
0.010400
1.751779
0.893215
0.119344
0.100339
0.101306
0.181377
0.371964
0.282769
0.172111
0.473185
0.075117
0.172758
0.228139
0.304467
0.768968
0.111368
0.361015
0.448752
0.023782
0.467667
0.093481
0.033632
1.486844
1.685315
0.826166
0.181644
0.051389
0.576375
0.290045
0.065076
0.341774
0.017497
1.200211
0.149729
0.543128
0.186773
0.367055
0.395612
0.102194
1.746404
0.746123
1.402547
1.126076
0.455527
1.274718
0.046328
0.109067
0.023141
0.196766
0.246065
0.158280
0.882279
0.220613
0.164901
0.391204
0.075949
0.810242
0.038738
2.167073
0.739742
0.110770
0.002769
0.844948
0.613548
0.652831
0.737607
0.038465
0.221946
0.061575
0.994265
0.488151
0.200909
0.032834
0.186244
0.196657
0.653938
0.507445
1.091126
0.319533
0.063686
0.624563
0.715196
0.411944
0.736945
0.340407
0.369839
0.278907
0.012874
0.057084
0.015967
0.505865
0.188698
0.355219
1.190633
0.143369
0.264141
0.704375
0.129903
0.040052
0.171070
0.087904
1.327475
0.825444
0.501747
1.025760
0.813984
0.103248
1.115407
0.387550
0.823674
1.132121
0.191365
0.058296
0.129343
0.278529
0.851915
0.985672
0.003488
0.357438
0.270137
0.125584
0.063840
0.205954
1.431561
0.195192
0.365726
0.607043
0.225987
1.783899
1.641005
0.145031
0.343830
0.178965
0.167625
0.018792
0.470246
0.349260
0.026426
0.163313
1.194430
0.136930
0.078265
0.336136
2.122018
0.138572
0.557578
0.716944
0.135667
0.651374
0.229261
0.500252
0.501919
0.383693
0.047315
0.901822
0.193405
0.103216
0.020815
0.446889
0.565926
0.008363
0.358815
0.128412
0.518062
0.095802
0.587106
0.244479
1.380172
0.073972
0.208566
0.060222
1.293095
1.049167
0.149164
0.539381
0.849742
0.405066
0.377140
0.138439
0.048863
1.137562
1.153387
0.501335
0.207023
0.214784
0.647233
1.137049
1.090566
0.756781
0.513655
0.043946
0.088147
1.144115
0.466247
0.004620
0.053498
0.544581
0.002537
0.087658
0.397849
0.588658
0.527721
0.126975
0.622709
0.135412
0.196817
0.686179
0.524387
0.945978
0.535907
0.420022
0.049179
0.229208
0.154080
0.139850
1.806155
0.249694
1.113028
0.498667
0.791913
0.349218
0.430078
0.339147
0.108607
0.640881
0.164789
0.012308
0.518484
0.097467
1.410542
1.538781
1.231755
0.231144
0.007789
1.317762
0.279469
1.700421
1.656868
0.958694
0.174388
0.243146
0.952363
0.190573
0.092859
0.406868
1.375647
0.595413
0.422056
0.051114
0.477265
2.305285
0.075460
0.365248
1.049304
0.675017
0.597037
0.606144
0.222746
0.173781
0.828687
0.830664
1.008975
1.222308
0.358047
0.348092
0.800475
0.524860
0.605275
0.794310
1.103662
0.206241
0.235468
0.049348
0.431707
0.018302
0.313303
0.391147
0.168815
0.446816
0.015488
0.019032
0.864676
0.223293
0.067945
0.369327
0.734824
0.121559
0.487610
0.044606
0.026533
0.378954
0.388955
0.507269
0.647480
1.861779
0.363146
0.195010
0.792827
0.157926
0.288992
0.040853
0.012839
1.643690
0.903884
0.595321
0.262930
0.095153
0.085060
0.144003
0.398395
0.626925
0.539695
0.164206
1.549052
0.669509
0.404115
0.473015
0.272019
0.142331
0.220007
0.709091
0.007249
0.061690
0.023547
0.020791
0.967102
0.608120
0.321392
0.051478
0.338259
0.320725
0.095097
0.284450
0.254168
0.478361
0.504057
0.023181
0.234692
0.491562
0.349720
0.970675
0.537487
0.088926
0.036591
0.514197
0.013435
0.440674
1.408628
0.428391
0.245650
0.515414
0.306478
0.394407
1.419064
0.243964
1.624546
1.178788
0.108948
0.035942
0.053113
0.009195
0.049603
0.574437
0.036925
0.192079
0.931763
0.011774
0.842265
0.165542
0.062875
0.596578
0.495700
1.049708
0.664147
0.813498
0.165667
0.097667
0.694378
0.822105
2.328502
0.266040
0.232622
0.748977
0.208367
1.335069
0.977420
0.280178
0.694892
0.702316
0.054419
1.164223
0.351854
0.875666
0.192868
1.129395
0.246494
0.005448
1.178954
0.047863
0.192327
1.498486
1.503975
0.425999
0.499615
0.297507
0.173511
0.199243
0.558162
0.697919
0.784098
0.779416
0.047818
0.341025
0.029641
0.398731
0.291278
1.093309
0.216096
0.062253
0.077154
0.716715
0.481453
0.053304
0.043928
0.603604
0.037773
0.862593
0.612500
0.042424
0.044327
2.157729
0.234419
0.231528
0.837788
1.471082
2.134387
0.699950
0.236010
0.043597
0.750621
0.408680
0.276017
1.184119
0.058940
0.339253
0.005709
0.316177
0.028975
0.063245
0.062513
0.523784
0.685299
0.437777
1.637360
0.234898
0.168235
1.014751
0.126541
1.651435
0.006114
1.751263
0.022059
1.108861
0.375072
2.478414
0.038331
0.403555
1.741788
0.370222
0.496314
0.594951
0.303064
0.493837
0.438913
1.157116
0.023256
0.164921
1.501998
1.104838
0.304088
0.483967
0.162437
0.104202
0.311529
0.217977
0.438122
0.040461
1.832480
2.141933
0.598932
0.384039
0.185190
0.840454
0.577165
0.088737
1.209151
0.864497
1.495869
0.646802
0.475202
0.270851
1.349509
1.005196
0.023136
0.013360
0.236174
0.831824
2.182138
0.081505
0.450862
0.239737
1.751854
0.922957
0.911095
0.316208
0.267917
0.159694
0.029013
1.000213
0.838059
4.086223
2.847437
0.405326
0.732642
1.448086
0.947386
0.142076
0.299413
0.069148
1.540112
0.465924
0.129802
0.556915
0.481335
0.221710
0.060270
0.556721
0.367305
0.739904
0.367155
0.955885
0.401377
0.411557
1.046379
0.258324
0.071944
0.014603
0.703529
0.484199
0.608833
0.119741
0.073306
0.007326
0.215844
0.445699
0.248991
0.287660
1.172531
0.214051
0.360763
0.765436
0.252540
0.486545
0.991570
1.493095
0.079541
1.305831
0.338751
0.149368
0.307293
1.956827
0.339246
0.199308
0.501743
0.137314
0.039448
0.068988
0.068509
0.082380
0.074730
0.512042
0.100373
0.212070
1.135487
0.321191
0.550645
0.094564
0.106775
0.020864
0.092524
0.163274
0.097406
0.046443
0.064278
0.308815
0.115546
0.226491
0.350003
0.586229
0.020053
0.803247
0.494297
0.042648
1.034067
1.268347
0.031511
0.162088
0.820468
0.689679
0.101990
0.117450
0.231393
0.331331
0.481501
0.230156
0.310446
0.688114
0.018686
0.145468
0.624746
1.127883
0.358390
0.379765
0.056681
0.296572
0.380303
0.138846
0.156837
0.236832
0.010138
0.194362
0.118778
0.198375
0.063782
1.106040
0.450199
0.568316
0.778355
0.345018
0.045466
0.385129
0.441962
0.684108
0.282517
0.068242
0.166881
0.225557
0.519112
0.422891
0.220103
2.153098
0.465417
0.135397
0.053672
0.082944
0.141153
0.087582
0.103246
0.167803
0.095201
1.135376
0.041818
0.371706
0.264153
2.019321
0.059414
0.253629
1.744530
1.003122
0.849332
0.149138
0.093700
0.552280
1.325193
0.406825
0.423864
0.164238
0.733737
0.103539
0.195544
0.277072
0.354242
0.138806
0.060992
0.471600
0.170282
0.435227
0.083832
0.328061
0.380274
0.026607
0.205192
0.072175
0.032736
2.300601
0.194565
0.830035
0.146944
0.572071
0.714033
0.452723
0.318928
0.265379
0.214522
1.326278
0.887804
1.676588
0.066364
0.656276
1.393064
0.099978
0.034405
0.675697
0.427214
0.922039
0.075279
0.793025
0.112590
0.089358
0.089722
0.842552
0.547107
0.370188
0.222231
1.048601
0.249156
0.848041
0.289137
0.236560
0.310581
0.179323
0.688389
0.349301
0.132121
1.149170
0.242166
0.392141
1.184748
0.489400
0.062157
1.405308
0.494038
0.203913
0.074988
0.790001
0.483888
0.381207
1.121652
0.776995
0.082246
0.186781
0.142835
0.681184
0.017054
0.421857
0.718707
1.046834
0.209337
0.860904
0.058622
0.936872
0.068190
0.253157
0.798003
0.081211
0.130197
0.640522
0.636548
0.512422
0.592001
0.391235
0.145042
0.212092
0.100201
1.195438
0.437805
0.256123
0.309954
1.471412
0.083235
0.441222
0.352497
0.472672
0.009138
1.028347
1.344994
0.416358
0.596435
1.278735
0.614199
0.082755
0.429351
0.466610
0.275937
0.666745
1.361838
1.298938
0.299682
0.060089
2.094587
0.912859
0.066573
1.268154
1.019712
0.365776
0.447357
0.254582
0.028159
0.204132
0.811904
0.002321
0.202857
0.253889
0.385442
1.261963
0.212589
0.213053
0.668754
0.300939
0.127191
0.301141
0.075910
0.097027
0.344944
0.271438
1.231646
0.225017
0.434451
0.500195
0.006590
0.544634
0.098029
1.622999
0.080473
0.267751
0.044607
2.884041
0.348773
0.452410
0.034716
0.693068
0.117801
1.141657
0.114794
0.105785
0.018617
0.319393
0.416022
0.033983
0.747001
0.301917
0.371579
0.290591
0.256049
0.410082
0.084352
0.100403
0.989475
1.460456
0.233651
0.157866
0.516412
0.262745
0.012857
0.084892
0.629342
0.537825
0.013735
0.125496
0.131381
0.557207
0.009954
0.054968
0.804509
0.098339
0.528850
0.136024
0.052370
0.139310
0.640547
0.967918
0.886625
0.253071
0.551438
0.114697
0.173467
1.133299
0.006544
0.044694
0.116525
0.013445
0.100102
0.437384
0.273593
1.115932
0.850348
0.209136
0.150163
0.238770
0.446159
0.156031
0.489281
0.263318
0.401534
0.286463
0.174400
1.482634
0.721127
0.075477
1.014252
0.334160
1.124770
0.804357
0.276878
0.011363
0.156450
0.390044
0.501849
0.149127
0.075037
0.900694
2.080312
0.372947
0.094177
0.158938
0.009281
1.228444
0.062641
0.429620
0.160141
0.403918
0.526944
0.885220
0.115601
0.005528
0.073604
1.151386
1.035301
0.454922
0.458792
0.546867
0.096411
1.229105
0.271305
0.241555
0.365858
0.024052
0.090931
0.669770
0.043214
0.462101
0.140750
0.246571
0.170326
0.219774
0.634782
0.176286
0.417822
0.323180
0.544833
1.380961
0.659453
0.120998
0.015840
0.152085
0.452030
0.026398
0.342953
0.454214
0.203416
0.736825
0.056359
0.039055
0.651324
0.342085
0.583021
0.285312
0.141448
0.854912
0.803261
0.593224
0.158827
0.446080
0.223905
0.048025
1.246350
0.073565
1.500245
0.295301
0.102365
0.390335
1.031571
0.658804
0.821397
0.537619
0.589277
0.945886
0.143620
0.336109
0.125007
2.197779
1.441732
0.020113
0.611366
1.296792
0.099576
0.419601
1.235433
0.017268
0.597705
0.176447
1.291124
1.771235
1.443587
0.321431
0.990405
0.930714
0.192170
0.882799
0.018855
0.453504
0.130688
0.064239
0.040038
0.595839
0.207663
0.645068
0.033795
0.189380
0.387712
0.782049
0.191915
0.491605
1.085681
0.478378
0.132608
0.012352
1.020491
0.010749
1.038529
0.376382
1.398996
0.801686
3.091097
0.215939
0.728763
0.257025
0.326844
0.493766
1.034457
2.070199
0.731099
0.270442
0.273535
0.668909
0.136415
0.058533
0.218960
0.169305
0.175707
0.133031
0.021502
0.009018
2.199989
0.279110
0.242519
0.569166
0.123113
1.497478
0.771696
0.046832
0.270282
1.056471
1.447781
0.314994
0.475197
0.091381
2.364722
0.131769
1.430005
0.524407
0.467911
0.359426
0.131118
0.097113
0.124542
0.103167
0.756120
0.215488
0.029792
1.738542
1.076160
1.313827
2.640025
0.095517
0.252291
0.709902
0.595398
0.083556
0.845957
0.127085
0.126684
0.384986
0.449397
0.433853
0.047973
1.049662
0.154351
0.069352
1.097979
1.557838
0.990713
0.829094
0.532456
0.400207
0.045502
0.262507
0.233156
0.150386
0.642628
0.342466
0.042260
0.124348
0.574835
0.039592
0.952599
0.341744
0.327528
0.448744
0.870574
0.213709
0.566627
0.417047
0.155324
1.054456
0.798325
0.537133
0.950503
1.009810
0.616123
0.907043
0.597790
0.569937
0.481968
0.698610
0.086347
1.063773
1.027252
0.014842
0.873824
0.068982
0.204073
0.680329
0.087629
0.851784
0.892295
0.354098
0.003203
0.169164
0.479765
1.986582
0.499583
0.150420
0.502569
0.388249
0.756713
0.056574
0.715704
0.389643
1.648311
0.209178
0.500682
1.344330
0.054076
1.384127
0.582193
0.035124
0.179026
0.615795
0.034863
0.436341
0.212235
0.484998
0.023411
1.026056
1.815097
1.734918
0.692451
0.069681
0.709953
0.012447
0.011186
0.195493
0.335344
0.735724
0.574893
0.295207
0.159846
2.925764
0.277721
0.300181
0.089338
0.791908
0.591566
0.124724
0.042987
0.570498
0.531398
0.159593
1.506577
0.081882
0.283112
1.437784
0.272129
0.508783
0.253412
0.160251
2.066885
0.263252
1.122626
0.130653
0.119830
0.015815
0.527298
0.229850
0.998869
0.320477
1.724041
0.102606
1.014843
0.749389
0.736846
0.931466
0.715696
0.492044
0.070347
0.016533
1.268192
0.479404
0.796136
0.328429
0.062390
0.066872
0.578489
0.281328
0.111900
0.338238
0.033182
0.436103
0.156666
0.798654
0.185794
0.303687
0.005844
0.037603
0.249196
0.326904
0.458171
0.172417
0.593692
0.983494
0.756725
0.020213
0.327451
0.055427
0.138566
2.158591
0.076864
0.345463
0.481371
0.606112
0.410091
0.004909
0.197605
0.364607
0.045984
0.215874
0.016883
0.040919
0.252855
0.071194
0.419134
0.584729
0.806188
0.111666
0.091651
0.055224
0.505892
0.612897
0.016048
1.376097
0.026685
0.389675
0.617320
1.023852
0.626034
0.809058
0.207341
0.843227
0.041753
1.126025
0.396586
0.849949
0.301030
0.515820
0.373699
0.657619
0.042577
0.031125
0.141914
0.086906
1.027018
0.123727
1.862051
0.205412
0.100519
0.779607
0.537508
0.344773
0.405249
0.635059
0.129680
2.804316
1.840320
0.525377
0.111286
0.570074
0.037469
0.015566
0.148989
0.310528
1.013510
0.649451
0.678769
0.277122
0.212274
0.231843
2.197032
0.020468
1.008821
0.432176
0.288675
0.645961
0.333417
1.033453
1.154814
0.273849
0.162054
0.448674
1.217278
0.118280
0.487711
0.499239
0.660465
0.070533
0.629082
1.198627
0.099032
0.135605
1.777089
0.099822
0.963395
0.338910
0.141998
1.023003
0.294669
0.361615
0.222545
0.449411
0.089279
0.248035
1.743579
0.149293
0.534629
0.196662
0.742446
0.070133
1.750305
0.302375
0.134627
0.038169
0.093019
0.366749
0.205493
0.882705
0.281839
0.142985
0.480049
0.613411
0.091386
0.091733
0.018680
0.666665
0.545031
0.321827
0.929496
0.819099
0.440166
1.013505
0.115236
0.059347
0.157184
0.029391
0.378757
1.379191
0.020069
0.065117
0.300922
1.358104
0.190013
0.353861
0.021231
0.080286
2.157376
1.677902
0.002476
1.516320
0.509605
1.012167
0.303246
0.362418
0.335543
0.549603
0.075209
0.015216
0.184034
0.609849
0.112732
0.559559
1.751815
0.049303
0.558290
0.293269
1.013016
0.097491
0.589845
0.910435
1.446716
0.574818
0.343756
0.480967
1.015916
0.422695
0.015429
1.336453
0.584829
0.564299
0.121466
0.537768
0.250326
0.526676
0.056357
0.536246
3.720861
0.024706
1.889932
0.261203
1.023017
0.762515
0.418528
0.670563
1.053985
0.258875
0.198030
0.550698
0.824729
0.718342
0.799283
0.285981
0.851419
0.064035
0.393168
0.002888
0.196215
0.228217
0.252234
0.594488
0.245968
0.297732
0.135605
0.233605
0.128913
0.038007
0.462475
0.551631
0.483122
0.311339
0.238845
0.995106
0.366029
0.326177
0.012988
0.208704
0.239176
0.254433
0.433956
0.381359
0.468126
0.723837
0.838285
0.633142
1.556399
0.009200
0.108940
0.003796
0.521316
1.141541
0.139515
1.308885
0.031080
1.362364
0.216641
0.053470
0.332641
0.148379
0.167647
0.183572
0.812342
0.387354
0.186480
0.471232
0.629656
0.159156
0.266833
0.064989
0.099927
0.571467
0.100103
0.372392
0.617295
0.056515
0.418869
0.148235
1.647431
0.330384
0.819929
0.399506
0.022192
0.501403
1.512100
0.460164
0.855151
1.077973
0.129437
0.119157
0.472064
0.264689
0.915857
1.151408
0.218030
0.135164
0.758260
0.160658
0.864714
0.275597
0.550633
0.050206
0.488896
0.300528
0.441680
0.091970
0.667561
0.993147
0.122145
0.050305
0.011961
0.513571
0.467092
0.395598
0.131948
0.247891
0.451288
0.343351
2.202567
0.073346
0.593959
0.259025
0.279483
0.632211
0.589536
2.369693
0.068709
0.054969
0.644291
0.431834
0.160213
0.041375
0.044775
1.123059
0.106515
0.195316
0.128516
0.219250
0.035976
0.366006
0.035003
0.805611
0.133099
0.388277
1.060461
0.526166
0.380668
0.196028
0.202484
0.553555
2.569748
0.542117
0.407978
0.655873
0.312936
0.031013
0.413107
1.580602
0.096370
0.585599
0.112156
0.383750
0.050837
0.299256
0.705628
0.213527
0.546681
0.793471
1.309867
0.133706
0.254843
0.082683
2.445327
1.308655
0.388218
0.922685
0.367983
0.488532
0.046674
0.703801
0.068319
0.874544
0.761695
0.616778
0.018415
0.180577
0.152660
0.223250
0.045862
1.381976
0.403497
0.182299
0.252904
0.296382
0.458889
0.362504
1.259079
0.343546
2.424132
0.953333
0.116919
1.333900
0.061856
0.850365
0.239521
1.051762
1.012691
0.819756
0.780396
0.181691
0.042191
0.257902
0.095293
0.593642
0.212400
1.856795
0.512178
0.864338
0.071084
0.990303
1.280401
0.333800
0.466023
0.723680
0.096088
0.349146
0.254300
0.079131
0.229065
0.035304
0.013075
0.072609
1.649977
0.398731
1.688089
0.283255
0.186850
0.352753
0.289473
0.055837
0.511975
0.121697
0.483250
0.525198
0.082452
0.031656
0.758798
0.307908
0.029962
2.635966
0.029759
0.593780
2.057649
0.136679
0.076721
0.064704
0.180682
0.053262
0.589090
0.032158
0.356086
2.856440
0.840924
0.477541
0.182824
0.488945
0.374374
0.277636
0.070039
1.088436
0.298723
0.108222
0.229243
0.267328
0.878789
0.661405
0.733329
0.005546
0.269059
0.328257
0.009689
0.150426
0.714162
0.073734
0.383193
0.121164
0.006097
0.138009
1.862228
0.808577
1.604174
0.334573
0.058119
0.396992
0.302914
0.930095
0.051616
0.334951
0.081288
0.196281
0.668480
0.323149
0.235713
0.250831
0.307581
0.768597
1.113204
1.554279
0.773005
0.189465
0.582592
0.287774
0.146965
0.919022
0.019592
1.160181
0.309463
0.506954
0.538456
1.127458
0.506221
0.475873
0.034489
0.365329
0.081359
0.668626
0.358947
0.570073
0.021283
0.044302
0.629960
0.037407
0.036961
0.006091
1.567513
0.668768
0.217899
0.175869
0.215163
0.745058
0.541425
0.102404
0.095646
0.051790
0.539850
0.722752
0.153974
0.010584
0.042872
1.718828
0.175094
0.733152
0.489966
0.240585
0.115139
0.064705
0.477273
0.745014
0.516278
0.377833
0.021428
1.728706
0.801515
0.173236
1.955270
0.460503
0.436643
0.689308
0.835045
0.534253
0.068538
0.206447
1.316126
0.127198
0.232741
0.282885
0.289378
0.474587
1.433018
0.137674
0.064770
0.109993
1.089852
0.518962
0.168371
0.846266
0.987973
0.937074
1.256200
0.145337
0.703334
0.308593
0.922576
0.651879
0.749054
0.533792
0.097660
0.393759
2.088963
1.385400
0.022067
0.090051
0.070626
0.647277
0.851285
0.120089
0.352461
0.918493
0.659882
0.390702
0.446223
0.355005
0.176589
0.416230
0.583797
1.033057
0.505701
0.715900
0.087219
0.309537
0.004688
0.141632
0.648157
2.402418
0.052224
0.256660
0.804896
0.114100
0.404936
0.660387
0.478537
0.104143
0.219551
0.765757
0.403972
0.002622
0.715627
0.017975
0.684687
0.113125
1.585918
0.229386
0.197954
0.080606
0.182357
1.046368
2.804373
0.229678
0.297657
0.640195
1.086638
0.449526
0.248400
0.266043
0.594736
0.001612
0.483252
0.219635
0.790419
0.048801
0.443611
0.327900
0.514066
0.033526
0.433731
0.412180
0.411241
0.462524
0.564229
0.817350
0.157233
0.871626
0.344832
0.040095
0.030168
0.203412
0.768319
0.614955
0.777037
0.364148
0.290087
0.079763
0.198892
0.284598
0.046387
0.124623
0.455932
0.665265
3.202736
1.352378
0.514401
0.273441
0.505544
0.770076
0.062972
0.263736
0.915673
0.242119
0.424167
0.443086
0.101962
0.224893
0.203617
0.013273
0.012245
0.890995
0.159463
0.364987
0.177428
1.412398
0.150078
0.280759
1.030723
0.922370
0.102960
0.811371
0.306417
0.329826
0.071635
0.042018
0.650865
0.343047
0.287105
0.653757
0.725177
0.086527
0.471093
0.072718
0.695905
0.534947
1.568816
0.035725
0.029374
0.165773
0.151706
0.141831
1.183586
0.143539
0.158693
0.712306
0.298682
0.749643
0.033800
0.334297
0.017096
0.032351
1.184563
0.074973
0.380093
0.264746
0.213352
1.150460
0.011033
0.545009
1.653777
0.410681
1.380903
0.026836
0.271324
0.150659
0.656189
1.989538
0.148213
0.530911
0.110384
0.416584
0.311748
1.787871
0.468920
0.215012
0.060573
0.081993
0.127651
0.144486
0.950618
0.411882
0.370529
0.060953
0.983556
0.641534
0.035033
0.615218
0.392125
0.042629
0.306522
0.331499
0.090626
1.456598
0.948478
0.552852
0.310223
0.265315
0.526304
0.394204
0.032148
0.359235
0.820990
0.307390
0.026677
0.771540
0.112425
0.149622
0.089986
0.200399
0.706836
0.366345
0.114632
1.051171
1.058393
1.022340
0.136427
0.300046
2.099508
0.739232
0.013772
0.033714
0.311747
1.199659
0.386855
0.344391
0.055730
0.534692
0.863276
0.239357
0.747189
1.668783
0.113931
0.370465
0.169234
0.787167
0.430893
0.503357
0.799531
0.252066
1.233082
0.380744
0.085961
0.595198
0.788150
0.190456
0.973082
1.182993
0.162107
2.052849
0.075825
0.112833
0.101808
1.122110
0.531081
0.082499
0.290198
0.477643
0.043577
1.070303
0.813810
0.351808
1.707546
0.270437
2.071043
0.551190
0.503479
0.090734
1.068229
0.278862
0.088508
0.006344
0.410213
0.374753
0.635330
1.104812
0.041368
0.657446
0.103765
0.976588
0.854805
0.389128
0.619356
0.188694
0.318542
0.861967
0.307413
0.221426
0.340819
0.880855
0.204141
0.095436
0.622422
0.874287
0.053035
0.137136
0.076559
0.213810
0.299238
0.690805
0.526553
0.485015
0.217222
0.920835
0.318655
1.934121
0.502755
0.067489
0.563780
0.196598
0.579702
0.036092
0.096114
0.968060
0.128854
0.907129
0.163750
0.514844
0.592331
0.359391
0.182145
0.119538
0.016876
0.181164
0.529450
1.392775
1.024765
0.726356
0.776641
0.546790
0.150746
1.188628
0.555442
0.410991
0.058823
0.296249
0.308425
0.999627
0.395543
0.239341
1.881809
0.058672
0.274565
0.021467
0.673352
1.250985
0.164278
0.977169
0.172810
1.208270
0.701134
0.817139
0.009085
1.645862
0.648540
0.181743
0.884201
0.165310
1.030816
0.059719
0.608168
0.389024
0.050759
0.138466
0.006241
0.316278
0.179242
0.456096
0.176368
0.178280
0.679716
0.024670
1.165981
0.956164
0.551016
0.449743
1.114214
0.102486
0.041131
0.136896
0.791345
0.017643
0.437103
2.694944
0.967917
0.368493
0.032878
0.890035
0.456870
0.061046
0.049279
1.201904
0.553121
0.883885
1.055895
0.424050
0.364332
0.281435
0.190591
0.285107
0.743344
0.460555
1.115241
0.292936
0.467087
0.498896
0.447873
0.606395
0.135533
0.359093
0.055033
0.242669
0.334390
0.528099
1.503205
0.458960
0.680496
0.352879
0.502703
0.036787
0.146777
0.224593
0.319797
0.023362
0.075425
0.162045
1.779499
0.201245
0.328930
0.109139
0.471805
0.164727
0.115961
0.363427
0.002761
0.003847
0.123634
0.018706
0.057159
0.206895
0.811225
0.424373
0.359405
0.173708
1.342316
0.252932
0.045561
0.479947
0.060428
0.211730
0.354041
1.036621
0.340161
0.605765
2.468008
0.070488
0.160607
0.250913
0.273942
0.264682
1.190874
0.625939
0.468126
0.185077
0.868040
1.551219
0.860739
0.000783
0.505852
0.026245
0.148938
0.030685
0.462912
0.580121
0.060794
0.242123
0.304620
0.230267
0.064499
0.271457
0.695509
0.036827
0.041789
0.219075
1.421297
0.552173
0.567643
0.224646
0.450283
0.005091
0.505433
1.222575
0.474115
1.034542
0.643628
0.064234
1.163712
0.034377
0.381750
0.076656
0.005888
0.274120
0.174808
0.332766
0.430428
0.022362
0.065626
0.408950
0.210163
0.653138
0.528196
0.934118
0.589628
0.280999
0.558847
0.161055
0.182868
0.777913
0.295674
0.800686
0.864174
0.974425
1.242265
0.281924
0.191999
0.436375
0.231949
0.459490
0.611384
0.583026
0.234644
0.091277
0.281524
0.076922
1.104079
0.212230
0.083890
0.012889
0.518978
0.506542
0.208216
0.037207
0.263502
0.186415
0.565238
0.465422
0.226745
0.122882
2.212925
0.302570
0.582816
0.075733
0.332367
0.013961
0.352059
1.662360
0.242422
0.019888
0.015723
0.245501
0.087192
0.011815
0.705731
0.306727
0.170714
1.151709
0.061728
1.560861
0.188415
1.096434
0.461838
0.876387
2.067995
0.170123
1.623837
0.246724
0.243483
0.208051
0.389797
0.083704
0.403395
0.390121
0.717536
0.896831
0.290303
0.180007
0.150103
0.108223
0.029688
0.209616
0.157525
1.696873
0.407893
0.213301
0.434307
0.074945
0.293533
0.492063
0.335593
0.256897
2.545521
1.061445
0.488294
0.421262
0.484662
0.112393
0.251377
0.020130
0.322699
0.391563
0.129223
1.662519
1.200952
0.640325
0.381127
1.019992
0.070006
0.781539
0.066663
0.790451
0.161321
1.048154
1.441578
0.080552
0.310577
1.981326
0.330250
0.995889
0.444255
0.235266
0.168285
0.113590
0.717319
0.244321
0.357978
0.338957
0.430521
1.003382
1.974845
0.261773
0.878734
0.723081
0.426105
1.562319
0.111868
0.057854
0.961944
0.289151
0.938557
1.117885
0.032247
1.074781
0.297393
0.357116
0.492542
1.304437
0.009651
0.323937
0.581931
0.641340
0.589693
0.072186
0.177906
0.222141
0.815937
0.163392
0.118308
1.578514
0.004451
3.064411
0.564775
0.881497
0.174509
0.007209
0.669456
0.898319
0.674453
0.077071
0.700050
0.732502
0.537263
0.726465
0.935146
0.475446
0.046389
0.334352
0.040415
0.261739
0.261370
0.034145
0.214485
0.058828
0.825743
1.475265
0.037532
1.551828
0.369676
0.178027
0.039988
0.347198
0.791192
0.613939
0.025766
0.037848
0.257813
0.174985
0.132233
0.164950
0.813503
1.324146
0.259683
1.182821
0.193932
0.323549
0.128110
0.511487
1.931167
0.462531
0.221439
0.521803
0.065579
1.097579
0.349667
0.298328
0.440781
0.490127
0.037241
0.573823
0.138491
0.625799
0.864490
0.814714
0.402040
0.367162
0.077086
0.746597
0.158322
0.343280
0.167229
0.071836
0.496529
0.027932
0.690445
0.191060
0.000067
0.357828
0.023992
0.161599
0.613751
0.032370
0.914228
0.001914
0.141728
0.675278
0.190096
0.053733
0.223326
0.157625
0.924838
0.187964
0.777789
1.112220
0.284419
1.203657
0.236860
1.663208
0.046765
0.580807
0.340426
0.245225
0.500804
0.608457
0.002186
0.091333
0.624217
0.548884
1.691396
0.715725
1.505654
0.606239
0.176948
0.055670
0.761226
0.516622
0.024693
0.223183
1.570955
0.346975
0.283459
0.305968
0.117155
0.229993
0.230870
0.026888
0.729578
0.269359
0.863491
0.949721
0.119125
0.535528
0.319596
1.060785
0.121508
0.566312
0.467931
0.174993
0.073439
0.527259
0.670847
0.189626
0.517583
0.251372
0.624497
0.111082
1.104616
0.169424
0.229264
0.029924
0.059117
0.362693
0.155709
0.902362
0.007401
0.238288
0.205751
0.009758
0.066405
0.266913
0.339489
0.259000
0.378510
0.452097
0.004987
0.311899
1.655211
0.365978
0.565892
0.186884
0.743591
0.741230
0.368336
1.865139
0.067080
0.008546
0.735182
0.822936
0.064034
0.154339
0.008854
0.173581
0.741715
0.364865
0.213929
0.232400
0.000677
0.178195
0.519878
1.828583
0.938857
0.011939
1.144147
0.764386
0.757919
0.306241
0.253753
0.180424
0.033976
0.129538
0.141582
0.330899
0.688062
0.321046
0.029792
1.582547
1.429940
0.769000
2.373822
0.393160
1.645298
0.039308
0.227601
0.127692
0.108974
0.075878
0.486978
0.760077
0.431729
0.079476
0.833332
0.505238
0.245647
0.560629
0.150488
0.211707
1.247393
0.171601
0.317428
1.104279
0.615024
0.032111
0.079676
0.003936
0.498373
0.296808
0.072094
1.584259
0.377149
0.138466
0.347178
0.569124
0.039651
0.160588
0.822443
0.307783
0.395465
0.283536
0.022446
0.090611
0.294882
0.117346
0.025636
0.927828
1.986751
0.787863
0.961338
0.138521
1.617337
0.109654
1.512373
2.631407
0.621916
1.985455
0.421450
0.150243
0.287234
0.450161
0.037945
0.486885
1.986360
0.105427
0.786541
1.192434
1.438545
1.611136
0.368507
1.892869
0.707986
0.088173
0.323991
0.633512
0.142071
0.511681
0.549207
0.088786
0.416303
0.738387
0.345470
0.006088
0.004540
0.220828
1.303158
0.129824
0.503058
0.125563
0.194061
0.942076
0.652563
0.050131
0.279922
0.014802
0.327820
0.542997
0.063067
0.170461
0.253613
1.259942
2.499478
0.022976
0.715662
0.232388
0.249167
0.701751
1.253125
1.507239
0.430336
0.220900
0.774522
0.144509
0.415141
0.222034
0.534475
0.137481
0.106345
1.251978
0.053683
0.352567
0.124778
0.019854
0.018342
0.096320
1.007840
0.165976
1.502479
0.435685
0.286895
0.433856
0.363557
0.711015
0.165988
0.217743
1.122603
1.463631
1.115403
0.271888
0.757895
0.323452
0.344119
0.114505
0.447179
0.102981
0.201408
0.965615
0.116014
0.036908
0.035752
1.413286
0.353542
0.263318
0.832683
0.903414
0.201877
0.591461
0.737285
0.531599
0.082199
1.043266
0.387281
0.165972
0.276891
0.019148
0.068407
0.725250
0.000006
0.269412
0.369606
0.028092
1.807409
0.128173
0.181346
0.181162
0.130953
0.000737
0.653455
1.703288
0.126991
0.543906
0.677197
0.943339
0.274635
0.180435
0.196740
0.623477
0.848532
0.100211
0.231765
1.161089
0.821739
2.095155
0.701717
0.249774
0.446578
0.540899
0.040852
0.393176
0.617768
0.091554
0.758502
0.438262
1.520593
0.021674
0.154164
0.460091
0.175886
0.626624
0.711490
0.054080
0.360624
0.355544
0.230447
1.350971
0.878697
0.597357
0.626453
0.309685
1.269119
0.593059
0.652783
0.989132
0.160152
0.822716
0.108606
0.211821
0.204443
1.920444
0.970840
0.603940
0.649246
0.412851
1.469588
0.342846
0.239436
0.088987
0.771370
0.662965
0.242542
0.012758
0.913167
0.005742
0.608191
1.757583
0.287825
0.133922
0.610171
0.849485
0.395303
1.706159
0.026526
0.351392
0.633730
0.992577
0.098772
0.804728
0.402271
0.252549
0.070618
1.002337
0.085556
0.185378
0.171277
1.025579
0.558444
0.796491
0.144153
0.490247
0.424019
0.894373
1.182694
0.006116
0.560460
0.026614
0.397987
0.169581
0.183201
0.217672
0.485496
0.203270
0.659690
0.259200
0.035401
0.765683
0.168267
0.283492
0.578296
0.202075
0.029125
0.234139
1.445223
0.513240
0.556577
0.500220
0.110942
0.270929
0.695030
0.053444
0.162763
0.161702
0.282834
1.965316
0.034944
0.365633
0.098838
1.764684
0.060126
0.258423
0.669486
0.609635
0.274721
0.212725
0.253427
0.153450
0.114916
0.329895
0.156352
0.169461
0.534657
1.729477
0.462713
0.040052
0.039296
1.512305
0.176406
0.048292
0.456953
0.488616
0.522780
0.155579
0.007613
1.676423
0.144437
0.563546
0.613160
0.470814
0.187643
0.158107
0.455239
1.005315
1.466226
0.055972
0.084108
1.447819
0.666918
1.072764
0.113220
0.442864
0.603889
0.569892
0.262252
0.007757
0.437246
0.145913
0.299150
1.580080
0.254610
0.915671
0.104460
0.558073
1.886282
0.053733
0.004177
0.284212
0.048600
0.689926
1.229904
0.284599
0.149683
0.284937
0.642678
0.004548
0.445134
0.475042
0.507625
0.138551
0.625974
0.047920
0.111116
1.049700
0.671087
0.006920
0.142760
0.120658
0.157908
0.142217
0.032283
0.307113
0.659754
0.466632
0.558701
0.042316
1.513000
0.911600
0.817609
0.865757
1.349376
0.392910
0.111748
0.479578
0.679109
0.669548
0.368496
0.035457
0.231902
1.267679
0.439075
0.386455
0.156571
0.229788
1.128548
0.549001
0.774141
0.302885
0.497460
0.142765
0.611172
0.278960
0.292187
0.523944
1.376633
0.033073
0.870752
0.172926
0.293421
0.011078
0.179085
0.349212
0.028908
0.337748
1.309406
0.055686
0.722896
0.263538
0.532357
0.150712
0.086875
0.087452
0.036550
0.102680
0.545649
1.067226
0.841342
0.577805
0.058510
0.170673
0.185392
0.143812
0.361809
0.383455
0.220717
0.218315
0.881748
0.778643
0.183937
1.225476
1.526840
0.197814
0.218807
0.352240
1.416134
1.045027
0.054109
0.249392
0.403014
0.349716
0.107751
0.978848
0.564960
0.909797
0.978663
0.689870
0.289205
0.471506
0.087394
0.559885
0.098770
0.592003
0.130422
0.062527
0.090332
0.000997
0.634237
0.659133
0.361734
0.087989
0.043626
0.009657
0.090610
1.107541
0.138231
0.218688
0.055659
0.125747
0.366178
0.467931
0.140752
0.029733
0.247995
0.133419
0.123945
1.607726
0.478948
0.406956
0.268735
0.280134
0.389249
0.596071
0.605576
0.094186
0.346686
0.265479
1.022141
0.499047
0.380182
0.061307
0.465243
0.062331
0.205646
0.077066
0.588947
0.115495
0.248675
1.130121
0.114277
0.354440
0.271736
0.009145
0.786934
0.035773
0.321470
0.411262
0.495004
0.583389
0.146027
0.005014
0.642670
0.383565
0.904303
0.861271
0.926795
0.331886
0.202954
0.784048
0.300096
0.101329
0.965421
1.070913
0.313970
0.039359
0.245369
0.813642
1.160242
0.113747
0.034661
1.049212
0.246661
0.390182
1.722039
0.034442
0.522514
0.038497
0.235377
0.814347
0.284115
2.935927
0.409422
0.193686
0.124302
0.215792
0.233032
0.035594
0.230680
0.312033
0.641396
0.534618
0.616814
0.004199
0.122738
0.541888
0.330814
0.002664
0.816084
0.740983
0.397500
0.034388
0.727319
0.438191
0.761538
0.696653
0.812281
0.364914
0.075600
0.556088
0.484416
0.677889
0.093093
0.108441
1.105502
0.693103
1.194227
0.710889
0.454602
0.530850
1.099689
0.432332
0.500368
0.085084
0.321152
0.630090
0.158001
0.112983
0.188313
0.138207
0.120980
0.276563
1.192106
0.353684
0.104078
0.040048
0.595621
0.241280
0.862511
0.538686
0.795410
0.158690
0.589411
0.153305
1.399002
0.505815
0.196160
0.157021
0.105933
0.593134
0.123408
0.452309
0.153694
0.542309
0.843537
0.752596
0.715335
0.103957
0.046269
0.600238
0.229708
0.283122
0.015822
0.150266
0.017128
1.056751
0.139458
0.407473
0.019880
0.549577
0.195062
1.140995
1.095156
0.196737
1.156120
2.780839
0.872674
0.931750
0.143181
0.429840
0.034812
0.049865
3.402876
0.197737
0.689528
0.821666
0.976046
3.022074
0.138204
0.020594
0.264827
0.069677
0.011341
0.223477
0.765633
0.417564
0.187549
0.531153
0.131995
0.007243
0.722711
0.488742
0.718378
0.019858
0.907370
0.483169
0.414364
0.489900
0.999146
0.442077
0.434883
2.337751
0.706792
0.291961
0.614469
0.246518
0.129953
0.454226
1.316811
1.323521
0.209203
0.375047
0.118898
2.716623
1.984771
0.524210
0.815878
0.627809
0.449665
0.027412
0.303269
0.561636
0.565875
0.233502
1.421008
0.091575
0.346933
0.587019
0.597235
0.522970
0.160991
0.084924
0.505219
0.457274
0.098833
0.610626
0.303643
0.550950
0.908130
0.093001
0.009665
0.755028
0.470417
0.601386
0.910558
0.811796
1.621074
0.383865
0.335200
0.256988
0.083435
0.425026
0.162182
1.271104
0.437563
0.449275
0.219194
0.026695
0.016129
0.275247
0.044178
0.466778
1.064202
1.072427
0.538003
0.118641
0.993876
1.086188
0.109485
0.668611
0.168800
0.811364
2.945882
0.015243
1.138292
0.487265
1.813095
0.312753
0.939928
0.032213
0.204194
0.034684
1.851350
0.849063
0.957124
1.390030
0.044472
0.243553
0.036842
0.118363
0.130271
0.316598
0.156372
0.053224
0.091656
0.079659
1.807383
0.712086
1.717296
0.289678
0.163120
0.800470
0.197451
0.177897
0.132312
0.069447
0.148168
0.219500
0.560420
0.032304
0.118182
0.827803
0.079452
0.209766
0.999979
0.084165
0.043180
0.331346
0.180069
0.414378
0.814323
0.073756
0.434583
0.352113
0.077788
0.489081
0.159855
0.334554
0.042927
0.307708
0.182976
0.864058
0.029333
0.271164
0.306643
0.645503
0.426996
0.550125
0.750402
0.990987
0.188348
0.386120
0.916629
2.275868
1.101457
0.232184
0.108560
0.336077
0.676703
0.339197
0.330031
0.910791
0.224241
0.982324
0.261116
0.198922
0.302559
0.718682
0.067339
0.109339
1.512527
0.096484
0.419349
0.432935
0.336304
0.517460
0.130570
0.402221
0.232746
0.541863
0.076123
0.423006
0.102449
0.163311
0.123404
0.100959
0.873520
0.168231
1.309496
1.752056
0.423453
0.077159
0.234641
0.799082
0.228951
0.045519
0.406850
0.932555
0.794637
0.096261
0.558538
0.124554
0.123083
1.036022
0.143620
0.152752
0.000327
1.022690
0.786540
0.493530
0.693679
0.082466
0.306543
0.216330
0.049235
0.332893
1.267509
0.020442
0.172275
0.116307
0.136001
1.195351
0.315621
0.313960
0.714759
0.083909
0.333998
0.281046
0.454299
3.861765
0.733641
0.253637
0.878833
0.093592
0.015469
0.114360
0.208070
0.357268
0.477424
1.207349
0.356526
0.347851
0.025775
0.017768
0.400544
0.288286
0.913736
0.087581
0.012644
0.298045
0.135562
0.025444
0.644762
0.059163
0.468654
0.164982
0.095275
0.238818
0.808347
0.248867
0.694689
0.067044
0.740899
0.135205
0.565660
0.417104
1.323558
0.244958
0.034228
0.009671
0.876823
0.371942
0.746370
0.133564
0.211624
0.015283
1.628449
0.551111
1.353064
0.154280
0.472684
0.567379
0.191033
0.942297
1.470257
1.080782
0.671746
0.162494
0.165376
1.653312
0.005169
0.629479
0.612507
0.487343
2.308057
0.186896
0.207736
0.041115
0.292414
0.151262
0.210330
0.899609
1.370425
0.102734
0.233013
1.319943
0.031901
0.048454
0.088841
0.452197
0.081537
1.722205
0.295941
0.348094
0.141618
0.318346
0.542227
0.695507
0.700944
0.431246
1.173581
0.850250
0.707446
0.028606
0.003451
0.119412
0.544614
0.264832
0.257422
1.079619
1.129585
1.199412
0.188350
0.587297
0.158475
0.105737
0.102058
0.209357
0.281022
0.888778
0.063855
0.663873
0.379061
0.169800
0.339444
0.178296
0.453272
0.284443
0.089806
0.061979
0.395596
1.163506
0.210765
0.660254
0.537440
1.340862
0.860132
0.418053
0.535057
1.143289
0.255012
0.197852
0.005435
0.875936
0.807177
0.055161
0.430023
0.311793
0.063184
1.970423
0.120842
0.034801
0.451746
0.671362
0.016491
0.537523
0.379955
0.054497
0.094688
0.419635
0.175743
1.392863
0.853912
2.054238
0.150330
1.748694
0.282143
0.213486
0.025831
0.027104
0.588846
0.306179
0.128429
0.475920
0.145750
0.430939
0.222526
0.867365
0.859337
0.324422
0.216022
0.225147
0.819213
0.198882
0.117266
0.044245
0.314329
0.329018
0.919139
0.125025
0.239818
0.826188
0.867567
0.242750
0.307283
0.180690
1.348221
0.063147
1.357156
0.575795
0.379187
0.016602
0.322747
0.261912
0.087903
0.534153
1.772838
0.412984
0.627200
0.035453
0.270356
0.061852
0.474402
1.394214
0.542026
0.039956
0.218994
0.399991
0.258093
0.896813
0.842811
0.473157
0.233770
0.147411
0.055954
0.219173
0.266512
0.563233
0.536706
0.036343
0.251478
0.100311
0.085283
0.878106
0.021410
0.271660
0.092084
1.057349
0.407138
0.131580
0.349007
0.657427
1.586450
0.124517
1.086576
1.361359
1.240979
0.504497
0.496884
0.258096
0.697966
0.378890
0.565730
0.279709
0.657446
0.869977
0.079168
0.894670
0.388587
0.931089
0.282203
0.238245
1.232909
0.144621
0.929631
0.330844
0.360872
0.184423
0.425535
0.196678
0.020031
0.158726
0.003200
1.916485
1.686994
0.251392
0.651659
0.212176
0.555990
0.818482
1.466437
0.255590
0.764616
0.154574
2.319483
0.013054
0.462576
0.538679
0.582449
0.064137
1.394601
0.099948
0.487428
0.125949
0.183519
0.395334
0.269950
0.087311
0.093729
0.270767
0.707930
1.141218
0.043939
0.249699
0.052817
0.008366
0.541939
0.461217
0.088977
0.133164
0.011997
0.900745
1.838290
0.072779
0.131641
1.014030
1.304989
0.272042
0.025974
0.020094
0.426599
0.249527
0.014535
0.437637
0.005683
0.774105
0.182954
0.020545
0.443794
0.253487
1.821006
0.392849
0.160957
0.617971
0.158378
1.172972
0.234779
0.399108
0.025948
0.277669
0.892979
0.819044
0.127007
0.128143
0.849969
1.332484
0.050110
0.298972
0.205833
1.022765
0.043610
0.118574
0.698108
0.026328
0.339164
0.291794
0.203534
0.250910
0.377448
0.087991
0.424311
0.818488
0.713894
0.083559
0.080818
0.156107
0.223984
0.262509
0.569244
0.029175
0.017644
0.248717
0.597281
0.107486
0.512920
0.150436
1.086156
1.130194
0.176404
0.130678
0.264923
0.137568
0.557956
0.874536
0.559038
0.869632
0.252913
0.084989
0.669612
0.223514
0.556261
0.157797
0.042360
2.451909
0.084921
2.229281
1.892253
0.789498
0.538557
0.431146
1.005337
0.170851
0.315256
0.482990
0.264826
0.278859
0.200451
0.415322
0.950479
0.112528
1.362342
0.584122
0.866575
0.406180
0.755967
0.008167
0.852921
0.020483
1.103244
2.411834
0.174118
0.118063
0.724859
0.145863
1.003328
0.054262
0.067312
1.935238
0.560182
0.938290
0.196025
0.564253
0.450999
0.462099
0.573690
0.428256
0.280238
0.161429
0.731763
0.128268
0.589403
0.132851
0.490855
0.687338
0.123407
0.030908
0.070191
0.465698
0.946718
0.023020
0.662414
0.208758
0.325550
1.321550
0.201712
0.313059
0.006888
0.042560
0.149602
0.014124
0.498988
0.277910
0.397197
0.095972
0.175440
0.545061
1.680547
0.025866
1.105387
0.430051
0.414964
0.346852
0.035960
0.047088
0.459287
0.208484
1.246075
0.260935
0.077323
0.627140
0.173612
0.372716
0.598387
1.152615
0.785568
0.564063
0.569144
1.458688
0.175364
0.000556
0.158696
0.122881
0.542110
0.502167
0.450038
0.008188
0.652409
0.195434
0.546896
0.406617
0.209831
0.072268
0.049589
0.890464
1.252948
0.524608
0.054592
0.257105
0.652706
0.756657
0.062906
0.000015
0.622635
0.220491
0.146838
0.006491
0.388590
0.952411
1.580677
0.417062
0.361248
0.044446
0.398003
0.239001
0.467145
0.246105
0.137415
0.049891
0.189109
0.050820
0.097337
2.184502
0.293587
0.379507
1.034225
2.709554
0.436992
0.836918
0.197961
0.182457
0.257671
0.558145
0.573153
0.189343
0.071479
0.500375
0.068670
0.431959
0.591142
0.603007
0.700140
1.031231
0.346533
0.655128
0.482705
0.103291
0.013013
0.167416
0.292625
0.479998
0.948424
0.109231
0.067080
1.654947
0.057170
0.325514
0.440418
0.389761
0.044980
0.029359
0.055736
0.440447
0.393010
0.133117
0.507744
0.857587
0.021234
0.344707
0.584480
0.145385
0.183919
0.475490
1.141074
0.830167
0.437491
0.655077
0.226925
0.512168
0.313850
0.105321
0.604892
0.406489
0.222068
1.211469
0.010578
0.189733
0.029282
0.727345
0.605511
0.201249
0.562986
0.252039
0.705814
0.302736
0.265752
1.364611
0.144427
0.064171
0.439188
1.742102
0.237278
0.032022
0.207232
0.352541
0.088323
0.536622
3.048277
0.300502
0.219042
0.256000
0.061166
1.073961
0.267923
0.244919
0.538950
0.291728
0.522394
0.031708
0.840261
1.410923
0.523150
1.545746
0.082103
0.324485
0.460409
0.435822
0.256632
0.206309
0.067809
0.248578
0.088763
0.662817
0.117122
0.030175
0.401890
0.452218
1.027523
0.430170
0.211927
0.812306
0.388568
0.041300
0.417183
1.193084
0.252349
0.175720
0.077433
0.082110
0.283497
0.452774
0.042025
1.403123
0.703521
0.441699
0.881407
0.041792
0.323933
0.497252
0.882032
0.765012
0.162221
1.414094
0.066392
1.040256
1.769201
0.097493
0.640186
0.020560
0.259952
0.363128
0.434519
1.373946
