# Poisson Arrival Times Generated
# Generated on: 2025-10-27 15:45:26
# Arrival time: 0_2 seconds (avg inter-arrival time)
# QPS: 5.0000 queries per second
# Number of queries: 4322
# Random seed: 42
# Format: One delay value per line (seconds)
#
0.093854
0.602024
0.263349
0.182589
0.033925
0.033919
0.011968
0.402246
0.183816
0.246250
0.004160
0.700711
0.357286
0.047738
0.040136
0.040522
0.072551
0.148786
0.113107
0.068845
0.189274
0.030047
0.069103
0.091255
0.121787
0.307587
0.044547
0.144406
0.179501
0.009513
0.187067
0.037392
0.013453
0.594738
0.674126
0.330466
0.072658
0.020555
0.230550
0.116018
0.026030
0.136709
0.006999
0.480085
0.059892
0.217251
0.074709
0.146822
0.158245
0.040878
0.698561
0.298449
0.561019
0.450430
0.182211
0.509887
0.018531
0.043627
0.009256
0.078706
0.098426
0.063312
0.352912
0.088245
0.065961
0.156481
0.030380
0.324097
0.015495
0.866829
0.295897
0.044308
0.001107
0.337979
0.245419
0.261133
0.295043
0.015386
0.088779
0.024630
0.397706
0.195260
0.080364
0.013134
0.074498
0.078663
0.261575
0.202978
0.436450
0.127813
0.025474
0.249825
0.286079
0.164777
0.294778
0.136163
0.147936
0.111563
0.005150
0.022833
0.006387
0.202346
0.075479
0.142087
0.476253
0.057348
0.105656
0.281750
0.051961
0.016021
0.068428
0.035162
0.530990
0.330177
0.200699
0.410304
0.325594
0.041299
0.446163
0.155020
0.329470
0.452849
0.076546
0.023318
0.051737
0.111412
0.340766
0.394269
0.001395
0.142975
0.108055
0.050233
0.025536
0.082382
0.572624
0.078077
0.146291
0.242817
0.090395
0.713560
0.656402
0.058012
0.137532
0.071586
0.067050
0.007517
0.188098
0.139704
0.010570
0.065325
0.477772
0.054772
0.031306
0.134454
0.848807
0.055429
0.223031
0.286778
0.054267
0.260550
0.091705
0.200101
0.200768
0.153477
0.018926
0.360729
0.077362
0.041286
0.008326
0.178756
0.226370
0.003345
0.143526
0.051365
0.207225
0.038321
0.234843
0.097792
0.552069
0.029589
0.083426
0.024089
0.517238
0.419667
0.059665
0.215753
0.339897
0.162026
0.150856
0.055375
0.019545
0.455025
0.461355
0.200534
0.082809
0.085914
0.258893
0.454819
0.436227
0.302712
0.205462
0.017578
0.035259
0.457646
0.186499
0.001848
0.021399
0.217832
0.001015
0.035063
0.159140
0.235463
0.211088
0.050790
0.249083
0.054165
0.078727
0.274472
0.209755
0.378391
0.214363
0.168009
0.019671
0.091683
0.061632
0.055940
0.722462
0.099877
0.445211
0.199467
0.316765
0.139687
0.172031
0.135659
0.043443
0.256352
0.065915
0.004923
0.207394
0.038987
0.564217
0.615512
0.492702
0.092457
0.003115
0.527105
0.111788
0.680168
0.662747
0.383477
0.069755
0.097258
0.380945
0.076229
0.037144
0.162747
0.550259
0.238165
0.168822
0.020446
0.190906
0.922114
0.030184
0.146099
0.419722
0.270007
0.238815
0.242458
0.089098
0.069512
0.331475
0.332266
0.403590
0.488923
0.143219
0.139237
0.320190
0.209944
0.242110
0.317724
0.441465
0.082496
0.094187
0.019739
0.172683
0.007321
0.125321
0.156459
0.067526
0.178727
0.006195
0.007613
0.345870
0.089317
0.027178
0.147731
0.293930
0.048624
0.195044
0.017842
0.010613
0.151582
0.155582
0.202907
0.258992
0.744711
0.145258
0.078004
0.317131
0.063170
0.115597
0.016341
0.005136
0.657476
0.361554
0.238129
0.105172
0.038061
0.034024
0.057601
0.159358
0.250770
0.215878
0.065682
0.619621
0.267803
0.161646
0.189206
0.108808
0.056932
0.088003
0.283636
0.002900
0.024676
0.009419
0.008316
0.386841
0.243248
0.128557
0.020591
0.135304
0.128290
0.038039
0.113780
0.101667
0.191344
0.201623
0.009272
0.093877
0.196625
0.139888
0.388270
0.214995
0.035571
0.014636
0.205679
0.005374
0.176269
0.563451
0.171356
0.098260
0.206165
0.122591
0.157763
0.567625
0.097586
0.649818
0.471515
0.043579
0.014377
0.021245
0.003678
0.019841
0.229775
0.014770
0.076831
0.372705
0.004709
0.336906
0.066217
0.025150
0.238631
0.198280
0.419883
0.265659
0.325399
0.066267
0.039067
0.277751
0.328842
0.931401
0.106416
0.093049
0.299591
0.083347
0.534028
0.390968
0.112071
0.277957
0.280927
0.021768
0.465689
0.140741
0.350267
0.077147
0.451758
0.098598
0.002179
0.471581
0.019145
0.076931
0.599394
0.601590
0.170399
0.199846
0.119003
0.069405
0.079697
0.223265
0.279168
0.313639
0.311766
0.019127
0.136410
0.011856
0.159492
0.116511
0.437324
0.086438
0.024901
0.030862
0.286686
0.192581
0.021322
0.017571
0.241442
0.015109
0.345037
0.245000
0.016970
0.017731
0.863092
0.093768
0.092611
0.335115
0.588433
0.853755
0.279980
0.094404
0.017439
0.300249
0.163472
0.110407
0.473648
0.023576
0.135701
0.002284
0.126471
0.011590
0.025298
0.025005
0.209514
0.274120
0.175111
0.654944
0.093959
0.067294
0.405901
0.050616
0.660574
0.002446
0.700505
0.008824
0.443544
0.150029
0.991366
0.015332
0.161422
0.696715
0.148089
0.198526
0.237980
0.121226
0.197535
0.175565
0.462847
0.009302
0.065969
0.600799
0.441935
0.121635
0.193587
0.064975
0.041681
0.124612
0.087191
0.175249
0.016184
0.732992
0.856773
0.239573
0.153616
0.074076
0.336181
0.230866
0.035495
0.483660
0.345799
0.598348
0.258721
0.190081
0.108341
0.539804
0.402078
0.009255
0.005344
0.094470
0.332730
0.872855
0.032602
0.180345
0.095895
0.700742
0.369183
0.364438
0.126483
0.107167
0.063878
0.011605
0.400085
0.335223
1.634489
1.138975
0.162130
0.293057
0.579234
0.378954
0.056830
0.119765
0.027659
0.616045
0.186370
0.051921
0.222766
0.192534
0.088684
0.024108
0.222688
0.146922
0.295961
0.146862
0.382354
0.160551
0.164623
0.418552
0.103329
0.028778
0.005841
0.281411
0.193680
0.243533
0.047896
0.029323
0.002930
0.086337
0.178279
0.099596
0.115064
0.469012
0.085621
0.144305
0.306174
0.101016
0.194618
0.396628
0.597238
0.031816
0.522333
0.135501
0.059747
0.122917
0.782731
0.135698
0.079723
0.200697
0.054926
0.015779
0.027595
0.027404
0.032952
0.029892
0.204817
0.040149
0.084828
0.454195
0.128476
0.220258
0.037826
0.042710
0.008345
0.037009
0.065310
0.038962
0.018577
0.025711
0.123526
0.046218
0.090596
0.140001
0.234491
0.008021
0.321299
0.197719
0.017059
0.413627
0.507339
0.012605
0.064835
0.328187
0.275871
0.040796
0.046980
0.092557
0.132533
0.192600
0.092063
0.124178
0.275246
0.007475
0.058187
0.249898
0.451153
0.143356
0.151906
0.022672
0.118629
0.152121
0.055539
0.062735
0.094733
0.004055
0.077745
0.047511
0.079350
0.025513
0.442416
0.180080
0.227327
0.311342
0.138007
0.018186
0.154052
0.176785
0.273643
0.113007
0.027297
0.066752
0.090223
0.207645
0.169156
0.088041
0.861239
0.186167
0.054159
0.021469
0.033178
0.056461
0.035033
0.041298
0.067121
0.038080
0.454150
0.016727
0.148682
0.105661
0.807728
0.023765
0.101452
0.697812
0.401249
0.339733
0.059655
0.037480
0.220912
0.530077
0.162730
0.169546
0.065695
0.293495
0.041416
0.078218
0.110829
0.141697
0.055523
0.024397
0.188640
0.068113
0.174091
0.033533
0.131224
0.152109
0.010643
0.082077
0.028870
0.013094
0.920240
0.077826
0.332014
0.058778
0.228828
0.285613
0.181089
0.127571
0.106152
0.085809
0.530511
0.355121
0.670635
0.026546
0.262510
0.557225
0.039991
0.013762
0.270279
0.170885
0.368815
0.030112
0.317210
0.045036
0.035743
0.035889
0.337021
0.218843
0.148075
0.088892
0.419441
0.099663
0.339217
0.115655
0.094624
0.124232
0.071729
0.275355
0.139721
0.052849
0.459668
0.096866
0.156856
0.473899
0.195760
0.024863
0.562123
0.197615
0.081565
0.029995
0.316000
0.193555
0.152483
0.448661
0.310798
0.032898
0.074713
0.057134
0.272474
0.006822
0.168743
0.287483
0.418733
0.083735
0.344362
0.023449
0.374749
0.027276
0.101263
0.319201
0.032484
0.052079
0.256209
0.254619
0.204969
0.236800
0.156494
0.058017
0.084837
0.040080
0.478175
0.175122
0.102449
0.123982
0.588565
0.033294
0.176489
0.140999
0.189069
0.003655
0.411339
0.537998
0.166543
0.238574
0.511494
0.245679
0.033102
0.171740
0.186644
0.110375
0.266698
0.544735
0.519575
0.119873
0.024036
0.837835
0.365144
0.026629
0.507262
0.407885
0.146310
0.178943
0.101833
0.011264
0.081653
0.324762
0.000929
0.081143
0.101556
0.154177
0.504785
0.085035
0.085221
0.267502
0.120376
0.050876
0.120456
0.030364
0.038811
0.137978
0.108575
0.492659
0.090007
0.173780
0.200078
0.002636
0.217854
0.039212
0.649200
0.032189
0.107100
0.017843
1.153616
0.139509
0.180964
0.013886
0.277227
0.047121
0.456663
0.045918
0.042314
0.007447
0.127757
0.166409
0.013593
0.298801
0.120767
0.148632
0.116236
0.102420
0.164033
0.033741
0.040161
0.395790
0.584182
0.093460
0.063146
0.206565
0.105098
0.005143
0.033957
0.251737
0.215130
0.005494
0.050199
0.052552
0.222883
0.003981
0.021987
0.321804
0.039336
0.211540
0.054410
0.020948
0.055724
0.256219
0.387167
0.354650
0.101228
0.220575
0.045879
0.069387
0.453320
0.002617
0.017877
0.046610
0.005378
0.040041
0.174954
0.109437
0.446373
0.340139
0.083655
0.060065
0.095508
0.178464
0.062412
0.195712
0.105327
0.160613
0.114585
0.069760
0.593053
0.288451
0.030191
0.405701
0.133664
0.449908
0.321743
0.110751
0.004545
0.062580
0.156018
0.200739
0.059651
0.030015
0.360277
0.832125
0.149179
0.037671
0.063575
0.003712
0.491378
0.025056
0.171848
0.064056
0.161567
0.210778
0.354088
0.046241
0.002211
0.029442
0.460554
0.414120
0.181969
0.183517
0.218747
0.038564
0.491642
0.108522
0.096622
0.146343
0.009621
0.036372
0.267908
0.017286
0.184840
0.056300
0.098628
0.068130
0.087910
0.253913
0.070514
0.167129
0.129272
0.217933
0.552384
0.263781
0.048399
0.006336
0.060834
0.180812
0.010559
0.137181
0.181686
0.081366
0.294730
0.022544
0.015622
0.260529
0.136834
0.233209
0.114125
0.056579
0.341965
0.321304
0.237290
0.063531
0.178432
0.089562
0.019210
0.498540
0.029426
0.600098
0.118120
0.040946
0.156134
0.412628
0.263522
0.328559
0.215048
0.235711
0.378354
0.057448
0.134444
0.050003
0.879112
0.576693
0.008045
0.244546
0.518717
0.039831
0.167841
0.494173
0.006907
0.239082
0.070579
0.516450
0.708494
0.577435
0.128572
0.396162
0.372285
0.076868
0.353120
0.007542
0.181402
0.052275
0.025696
0.016015
0.238336
0.083065
0.258027
0.013518
0.075752
0.155085
0.312819
0.076766
0.196642
0.434272
0.191351
0.053043
0.004941
0.408196
0.004300
0.415412
0.150553
0.559598
0.320675
1.236439
0.086376
0.291505
0.102810
0.130737
0.197507
0.413783
0.828079
0.292439
0.108177
0.109414
0.267564
0.054566
0.023413
0.087584
0.067722
0.070283
0.053212
0.008601
0.003607
0.879996
0.111644
0.097008
0.227667
0.049245
0.598991
0.308679
0.018733
0.108113
0.422589
0.579112
0.125997
0.190079
0.036552
0.945889
0.052708
0.572002
0.209763
0.187164
0.143770
0.052447
0.038845
0.049817
0.041267
0.302448
0.086195
0.011917
0.695417
0.430464
0.525531
1.056010
0.038207
0.100916
0.283961
0.238159
0.033423
0.338383
0.050834
0.050674
0.153995
0.179759
0.173541
0.019189
0.419865
0.061740
0.027741
0.439192
0.623135
0.396285
0.331637
0.212983
0.160083
0.018201
0.105003
0.093262
0.060154
0.257051
0.136986
0.016904
0.049739
0.229934
0.015837
0.381040
0.136697
0.131011
0.179498
0.348230
0.085484
0.226651
0.166819
0.062130
0.421782
0.319330
0.214853
0.380201
0.403924
0.246449
0.362817
0.239116
0.227975
0.192787
0.279444
0.034539
0.425509
0.410901
0.005937
0.349529
0.027593
0.081629
0.272132
0.035052
0.340713
0.356918
0.141639
0.001281
0.067665
0.191906
0.794633
0.199833
0.060168
0.201028
0.155299
0.302685
0.022629
0.286282
0.155857
0.659324
0.083671
0.200273
0.537732
0.021631
0.553651
0.232877
0.014050
0.071610
0.246318
0.013945
0.174536
0.084894
0.193999
0.009364
0.410423
0.726039
0.693967
0.276981
0.027872
0.283981
0.004979
0.004474
0.078197
0.134138
0.294290
0.229957
0.118083
0.063938
1.170306
0.111088
0.120072
0.035735
0.316763
0.236626
0.049890
0.017195
0.228199
0.212559
0.063837
0.602631
0.032753
0.113245
0.575114
0.108851
0.203513
0.101365
0.064100
0.826754
0.105301
0.449051
0.052261
0.047932
0.006326
0.210919
0.091940
0.399548
0.128191
0.689616
0.041042
0.405937
0.299755
0.294738
0.372587
0.286278
0.196818
0.028139
0.006613
0.507277
0.191762
0.318455
0.131372
0.024956
0.026749
0.231396
0.112531
0.044760
0.135295
0.013273
0.174441
0.062667
0.319461
0.074318
0.121475
0.002338
0.015041
0.099678
0.130762
0.183268
0.068967
0.237477
0.393398
0.302690
0.008085
0.130980
0.022171
0.055426
0.863437
0.030746
0.138185
0.192548
0.242445
0.164036
0.001964
0.079042
0.145843
0.018394
0.086350
0.006753
0.016368
0.101142
0.028478
0.167653
0.233892
0.322475
0.044666
0.036660
0.022090
0.202357
0.245159
0.006419
0.550439
0.010674
0.155870
0.246928
0.409541
0.250413
0.323623
0.082937
0.337291
0.016701
0.450410
0.158634
0.339980
0.120412
0.206328
0.149480
0.263048
0.017031
0.012450
0.056765
0.034762
0.410807
0.049491
0.744821
0.082165
0.040207
0.311843
0.215003
0.137909
0.162100
0.254024
0.051872
1.121726
0.736128
0.210151
0.044514
0.228030
0.014987
0.006226
0.059596
0.124211
0.405404
0.259781
0.271508
0.110849
0.084910
0.092737
0.878813
0.008187
0.403529
0.172870
0.115470
0.258384
0.133367
0.413381
0.461926
0.109540
0.064822
0.179469
0.486911
0.047312
0.195084
0.199696
0.264186
0.028213
0.251633
0.479451
0.039613
0.054242
0.710835
0.039929
0.385358
0.135564
0.056799
0.409201
0.117867
0.144646
0.089018
0.179764
0.035711
0.099214
0.697432
0.059717
0.213851
0.078665
0.296978
0.028053
0.700122
0.120950
0.053851
0.015268
0.037208
0.146700
0.082197
0.353082
0.112735
0.057194
0.192020
0.245365
0.036554
0.036693
0.007472
0.266666
0.218013
0.128731
0.371798
0.327640
0.176066
0.405402
0.046094
0.023739
0.062874
0.011756
0.151503
0.551676
0.008028
0.026047
0.120369
0.543242
0.076005
0.141545
0.008492
0.032114
0.862950
0.671161
0.000990
0.606528
0.203842
0.404867
0.121298
0.144967
0.134217
0.219841
0.030083
0.006086
0.073614
0.243940
0.045093
0.223824
0.700726
0.019721
0.223316
0.117308
0.405206
0.038996
0.235938
0.364174
0.578686
0.229927
0.137503
0.192387
0.406367
0.169078
0.006172
0.534581
0.233932
0.225720
0.048586
0.215107
0.100130
0.210670
0.022543
0.214498
1.488345
0.009883
0.755973
0.104481
0.409207
0.305006
0.167411
0.268225
0.421594
0.103550
0.079212
0.220279
0.329892
0.287337
0.319713
0.114392
0.340568
0.025614
0.157267
0.001155
0.078486
0.091287
0.100893
0.237795
0.098387
0.119093
0.054242
0.093442
0.051565
0.015203
0.184990
0.220652
0.193249
0.124536
0.095538
0.398043
0.146412
0.130471
0.005195
0.083482
0.095670
0.101773
0.173582
0.152543
0.187250
0.289535
0.335314
0.253257
0.622560
0.003680
0.043576
0.001518
0.208527
0.456616
0.055806
0.523554
0.012432
0.544946
0.086656
0.021388
0.133057
0.059352
0.067059
0.073429
0.324937
0.154941
0.074592
0.188493
0.251862
0.063662
0.106733
0.025996
0.039971
0.228587
0.040041
0.148957
0.246918
0.022606
0.167548
0.059294
0.658973
0.132154
0.327972
0.159802
0.008877
0.200561
0.604840
0.184066
0.342060
0.431189
0.051775
0.047663
0.188825
0.105875
0.366343
0.460563
0.087212
0.054066
0.303304
0.064263
0.345886
0.110239
0.220253
0.020082
0.195558
0.120211
0.176672
0.036788
0.267024
0.397259
0.048858
0.020122
0.004784
0.205429
0.186837
0.158239
0.052779
0.099157
0.180515
0.137340
0.881027
0.029338
0.237584
0.103610
0.111793
0.252885
0.235815
0.947877
0.027484
0.021987
0.257717
0.172733
0.064085
0.016550
0.017910
0.449224
0.042606
0.078127
0.051406
0.087700
0.014390
0.146402
0.014001
0.322244
0.053239
0.155311
0.424185
0.210466
0.152267
0.078411
0.080994
0.221422
1.027899
0.216847
0.163191
0.262349
0.125175
0.012405
0.165243
0.632241
0.038548
0.234240
0.044862
0.153500
0.020335
0.119702
0.282251
0.085411
0.218672
0.317389
0.523947
0.053482
0.101937
0.033073
0.978131
0.523462
0.155287
0.369074
0.147193
0.195413
0.018670
0.281520
0.027327
0.349818
0.304678
0.246711
0.007366
0.072231
0.061064
0.089300
0.018345
0.552790
0.161399
0.072920
0.101161
0.118553
0.183556
0.145002
0.503631
0.137419
0.969653
0.381333
0.046768
0.533560
0.024743
0.340146
0.095808
0.420705
0.405077
0.327903
0.312159
0.072676
0.016876
0.103161
0.038117
0.237457
0.084960
0.742718
0.204871
0.345735
0.028434
0.396121
0.512160
0.133520
0.186409
0.289472
0.038435
0.139659
0.101720
0.031652
0.091626
0.014121
0.005230
0.029044
0.659991
0.159493
0.675236
0.113302
0.074740
0.141101
0.115789
0.022335
0.204790
0.048679
0.193300
0.210079
0.032981
0.012662
0.303519
0.123163
0.011985
1.054386
0.011903
0.237512
0.823060
0.054672
0.030688
0.025882
0.072273
0.021305
0.235636
0.012863
0.142434
1.142576
0.336370
0.191016
0.073130
0.195578
0.149750
0.111054
0.028016
0.435374
0.119489
0.043289
0.091697
0.106931
0.351516
0.264562
0.293332
0.002219
0.107624
0.131303
0.003876
0.060171
0.285665
0.029494
0.153277
0.048466
0.002439
0.055204
0.744891
0.323431
0.641670
0.133829
0.023247
0.158797
0.121166
0.372038
0.020646
0.133980
0.032515
0.078513
0.267392
0.129260
0.094285
0.100332
0.123032
0.307439
0.445282
0.621712
0.309202
0.075786
0.233037
0.115109
0.058786
0.367609
0.007837
0.464072
0.123785
0.202782
0.215382
0.450983
0.202489
0.190349
0.013795
0.146132
0.032544
0.267450
0.143579
0.228029
0.008513
0.017721
0.251984
0.014963
0.014785
0.002436
0.627005
0.267507
0.087160
0.070348
0.086065
0.298023
0.216570
0.040961
0.038259
0.020716
0.215940
0.289101
0.061590
0.004233
0.017149
0.687531
0.070038
0.293261
0.195987
0.096234
0.046056
0.025882
0.190909
0.298006
0.206511
0.151133
0.008571
0.691482
0.320606
0.069295
0.782108
0.184201
0.174657
0.275723
0.334018
0.213701
0.027415
0.082579
0.526450
0.050879
0.093096
0.113154
0.115751
0.189835
0.573207
0.055070
0.025908
0.043997
0.435941
0.207585
0.067348
0.338506
0.395189
0.374830
0.502480
0.058135
0.281334
0.123437
0.369030
0.260752
0.299622
0.213517
0.039064
0.157503
0.835585
0.554160
0.008827
0.036020
0.028250
0.258911
0.340514
0.048035
0.140984
0.367397
0.263953
0.156281
0.178489
0.142002
0.070636
0.166492
0.233519
0.413223
0.202280
0.286360
0.034888
0.123815
0.001875
0.056653
0.259263
0.960967
0.020890
0.102664
0.321959
0.045640
0.161974
0.264155
0.191415
0.041657
0.087820
0.306303
0.161589
0.001049
0.286251
0.007190
0.273875
0.045250
0.634367
0.091754
0.079182
0.032242
0.072943
0.418547
1.121749
0.091871
0.119063
0.256078
0.434655
0.179810
0.099360
0.106417
0.237894
0.000645
0.193301
0.087854
0.316167
0.019521
0.177445
0.131160
0.205626
0.013410
0.173492
0.164872
0.164496
0.185010
0.225691
0.326940
0.062893
0.348650
0.137933
0.016038
0.012067
0.081365
0.307328
0.245982
0.310815
0.145659
0.116035
0.031905
0.079557
0.113839
0.018555
0.049849
0.182373
0.266106
1.281095
0.540951
0.205760
0.109376
0.202218
0.308031
0.025189
0.105494
0.366269
0.096847
0.169667
0.177234
0.040785
0.089957
0.081447
0.005309
0.004898
0.356398
0.063785
0.145995
0.070971
0.564959
0.060031
0.112303
0.412289
0.368948
0.041184
0.324549
0.122567
0.131930
0.028654
0.016807
0.260346
0.137219
0.114842
0.261503
0.290071
0.034611
0.188437
0.029087
0.278362
0.213979
0.627527
0.014290
0.011749
0.066309
0.060683
0.056732
0.473434
0.057415
0.063477
0.284922
0.119473
0.299857
0.013520
0.133719
0.006838
0.012940
0.473825
0.029989
0.152037
0.105898
0.085341
0.460184
0.004413
0.218004
0.661511
0.164273
0.552361
0.010735
0.108530
0.060264
0.262476
0.795815
0.059285
0.212364
0.044154
0.166634
0.124699
0.715148
0.187568
0.086005
0.024229
0.032797
0.051060
0.057794
0.380247
0.164753
0.148212
0.024381
0.393422
0.256614
0.014013
0.246087
0.156850
0.017052
0.122609
0.132600
0.036250
0.582639
0.379391
0.221141
0.124089
0.106126
0.210521
0.157681
0.012859
0.143694
0.328396
0.122956
0.010671
0.308616
0.044970
0.059849
0.035994
0.080160
0.282734
0.146538
0.045853
0.420468
0.423357
0.408936
0.054571
0.120019
0.839803
0.295693
0.005509
0.013486
0.124699
0.479864
0.154742
0.137756
0.022292
0.213877
0.345310
0.095743
0.298876
0.667513
0.045573
0.148186
0.067693
0.314867
0.172357
0.201343
0.319813
0.100826
0.493233
0.152298
0.034384
0.238079
0.315260
0.076182
0.389233
0.473197
0.064843
0.821139
0.030330
0.045133
0.040723
0.448844
0.212432
0.033000
0.116079
0.191057
0.017431
0.428121
0.325524
0.140723
0.683018
0.108175
0.828417
0.220476
0.201392
0.036294
0.427292
0.111545
0.035403
0.002538
0.164085
0.149901
0.254132
0.441925
0.016547
0.262978
0.041506
0.390635
0.341922
0.155651
0.247742
0.075478
0.127417
0.344787
0.122965
0.088571
0.136328
0.352342
0.081656
0.038174
0.248969
0.349715
0.021214
0.054854
0.030624
0.085524
0.119695
0.276322
0.210621
0.194006
0.086889
0.368334
0.127462
0.773648
0.201102
0.026996
0.225512
0.078639
0.231881
0.014437
0.038446
0.387224
0.051542
0.362851
0.065500
0.205938
0.236932
0.143756
0.072858
0.047815
0.006751
0.072466
0.211780
0.557110
0.409906
0.290542
0.310656
0.218716
0.060299
0.475451
0.222177
0.164396
0.023529
0.118500
0.123370
0.399851
0.158217
0.095736
0.752723
0.023469
0.109826
0.008587
0.269341
0.500394
0.065711
0.390867
0.069124
0.483308
0.280454
0.326856
0.003634
0.658345
0.259416
0.072697
0.353680
0.066124
0.412326
0.023887
0.243267
0.155610
0.020303
0.055386
0.002496
0.126511
0.071697
0.182439
0.070547
0.071312
0.271886
0.009868
0.466392
0.382466
0.220406
0.179897
0.445686
0.040994
0.016452
0.054759
0.316538
0.007057
0.174841
1.077978
0.387167
0.147397
0.013151
0.356014
0.182748
0.024418
0.019712
0.480762
0.221248
0.353554
0.422358
0.169620
0.145733
0.112574
0.076236
0.114043
0.297338
0.184222
0.446096
0.117175
0.186835
0.199558
0.179149
0.242558
0.054213
0.143637
0.022013
0.097068
0.133756
0.211239
0.601282
0.183584
0.272199
0.141152
0.201081
0.014715
0.058711
0.089837
0.127919
0.009345
0.030170
0.064818
0.711800
0.080498
0.131572
0.043656
0.188722
0.065891
0.046385
0.145371
0.001104
0.001539
0.049454
0.007483
0.022864
0.082758
0.324490
0.169749
0.143762
0.069483
0.536926
0.101173
0.018224
0.191979
0.024171
0.084692
0.141616
0.414648
0.136065
0.242306
0.987203
0.028195
0.064243
0.100365
0.109577
0.105873
0.476349
0.250376
0.187250
0.074031
0.347216
0.620488
0.344296
0.000313
0.202341
0.010498
0.059575
0.012274
0.185165
0.232049
0.024318
0.096849
0.121848
0.092107
0.025800
0.108583
0.278204
0.014731
0.016715
0.087630
0.568519
0.220869
0.227057
0.089858
0.180113
0.002037
0.202173
0.489030
0.189646
0.413817
0.257451
0.025694
0.465485
0.013751
0.152700
0.030662
0.002355
0.109648
0.069923
0.133107
0.172171
0.008945
0.026250
0.163580
0.084065
0.261255
0.211278
0.373647
0.235851
0.112400
0.223539
0.064422
0.073147
0.311165
0.118270
0.320274
0.345669
0.389770
0.496906
0.112770
0.076799
0.174550
0.092780
0.183796
0.244554
0.233210
0.093858
0.036511
0.112610
0.030769
0.441631
0.084892
0.033556
0.005155
0.207591
0.202617
0.083286
0.014883
0.105401
0.074566
0.226095
0.186169
0.090698
0.049153
0.885170
0.121028
0.233126
0.030293
0.132947
0.005585
0.140823
0.664944
0.096969
0.007955
0.006289
0.098200
0.034877
0.004726
0.282293
0.122691
0.068285
0.460683
0.024691
0.624345
0.075366
0.438573
0.184735
0.350555
0.827198
0.068049
0.649535
0.098689
0.097393
0.083220
0.155919
0.033481
0.161358
0.156048
0.287014
0.358732
0.116121
0.072003
0.060041
0.043289
0.011875
0.083846
0.063010
0.678749
0.163157
0.085320
0.173723
0.029978
0.117413
0.196825
0.134237
0.102759
1.018208
0.424578
0.195317
0.168505
0.193865
0.044957
0.100551
0.008052
0.129080
0.156625
0.051689
0.665008
0.480381
0.256130
0.152451
0.407997
0.028002
0.312616
0.026665
0.316180
0.064529
0.419262
0.576631
0.032221
0.124231
0.792530
0.132100
0.398356
0.177702
0.094106
0.067314
0.045436
0.286927
0.097728
0.143191
0.135583
0.172209
0.401353
0.789938
0.104709
0.351494
0.289232
0.170442
0.624928
0.044747
0.023141
0.384778
0.115660
0.375423
0.447154
0.012899
0.429912
0.118957
0.142847
0.197017
0.521775
0.003860
0.129575
0.232772
0.256536
0.235877
0.028875
0.071162
0.088856
0.326375
0.065357
0.047323
0.631406
0.001781
1.225765
0.225910
0.352599
0.069804
0.002884
0.267783
0.359328
0.269781
0.030829
0.280020
0.293001
0.214905
0.290586
0.374059
0.190179
0.018556
0.133741
0.016166
0.104695
0.104548
0.013658
0.085794
0.023531
0.330297
0.590106
0.015013
0.620731
0.147870
0.071211
0.015995
0.138879
0.316477
0.245576
0.010306
0.015139
0.103125
0.069994
0.052893
0.065980
0.325401
0.529659
0.103873
0.473128
0.077573
0.129420
0.051244
0.204595
0.772467
0.185012
0.088575
0.208721
0.026232
0.439032
0.139867
0.119331
0.176313
0.196051
0.014896
0.229529
0.055396
0.250320
0.345796
0.325886
0.160816
0.146865
0.030835
0.298639
0.063329
0.137312
0.066892
0.028734
0.198612
0.011173
0.276178
0.076424
0.000027
0.143131
0.009597
0.064640
0.245500
0.012948
0.365691
0.000765
0.056691
0.270111
0.076038
0.021493
0.089331
0.063050
0.369935
0.075186
0.311115
0.444888
0.113768
0.481463
0.094744
0.665283
0.018706
0.232323
0.136170
0.098090
0.200322
0.243383
0.000875
0.036533
0.249687
0.219554
0.676559
0.286290
0.602261
0.242495
0.070779
0.022268
0.304491
0.206649
0.009877
0.089273
0.628382
0.138790
0.113384
0.122387
0.046862
0.091997
0.092348
0.010755
0.291831
0.107744
0.345397
0.379889
0.047650
0.214211
0.127839
0.424314
0.048603
0.226525
0.187172
0.069997
0.029376
0.210904
0.268339
0.075851
0.207033
0.100549
0.249799
0.044433
0.441846
0.067770
0.091705
0.011970
0.023647
0.145077
0.062284
0.360945
0.002960
0.095315
0.082300
0.003903
0.026562
0.106765
0.135795
0.103600
0.151404
0.180839
0.001995
0.124760
0.662084
0.146391
0.226357
0.074754
0.297436
0.296492
0.147335
0.746056
0.026832
0.003419
0.294073
0.329174
0.025614
0.061736
0.003542
0.069432
0.296686
0.145946
0.085571
0.092960
0.000271
0.071278
0.207951
0.731433
0.375543
0.004776
0.457659
0.305755
0.303168
0.122496
0.101501
0.072170
0.013590
0.051815
0.056633
0.132360
0.275225
0.128419
0.011917
0.633019
0.571976
0.307600
0.949529
0.157264
0.658119
0.015723
0.091041
0.051077
0.043590
0.030351
0.194791
0.304031
0.172691
0.031790
0.333333
0.202095
0.098259
0.224252
0.060195
0.084683
0.498957
0.068640
0.126971
0.441712
0.246010
0.012844
0.031870
0.001574
0.199349
0.118723
0.028838
0.633704
0.150860
0.055386
0.138871
0.227650
0.015860
0.064235
0.328977
0.123113
0.158186
0.113414
0.008979
0.036244
0.117953
0.046938
0.010254
0.371131
0.794700
0.315145
0.384535
0.055408
0.646935
0.043862
0.604949
1.052563
0.248767
0.794182
0.168580
0.060097
0.114894
0.180064
0.015178
0.194754
0.794544
0.042171
0.314616
0.476973
0.575418
0.644454
0.147403
0.757148
0.283194
0.035269
0.129597
0.253405
0.056828
0.204672
0.219683
0.035515
0.166521
0.295355
0.138188
0.002435
0.001816
0.088331
0.521263
0.051930
0.201223
0.050225
0.077624
0.376830
0.261025
0.020052
0.111969
0.005921
0.131128
0.217199
0.025227
0.068184
0.101445
0.503977
0.999791
0.009190
0.286265
0.092955
0.099667
0.280700
0.501250
0.602896
0.172135
0.088360
0.309809
0.057804
0.166057
0.088814
0.213790
0.054992
0.042538
0.500791
0.021473
0.141027
0.049911
0.007942
0.007337
0.038528
0.403136
0.066391
0.600992
0.174274
0.114758
0.173542
0.145423
0.284406
0.066395
0.087097
0.449041
0.585452
0.446161
0.108755
0.303158
0.129381
0.137648
0.045802
0.178872
0.041192
0.080563
0.386246
0.046406
0.014763
0.014301
0.565314
0.141417
0.105327
0.333073
0.361366
0.080751
0.236585
0.294914
0.212640
0.032879
0.417306
0.154912
0.066389
0.110756
0.007659
0.027363
0.290100
0.000002
0.107765
0.147842
0.011237
0.722964
0.051269
0.072538
0.072465
0.052381
0.000295
0.261382
0.681315
0.050796
0.217562
0.270879
0.377335
0.109854
0.072174
0.078696
0.249391
0.339413
0.040084
0.092706
0.464436
0.328696
0.838062
0.280687
0.099910
0.178631
0.216359
0.016341
0.157271
0.247107
0.036621
0.303401
0.175305
0.608237
0.008670
0.061666
0.184037
0.070355
0.250650
0.284596
0.021632
0.144249
0.142218
0.092179
0.540388
0.351479
0.238943
0.250581
0.123874
0.507648
0.237224
0.261113
0.395653
0.064061
0.329087
0.043442
0.084728
0.081777
0.768178
0.388336
0.241576
0.259698
0.165141
0.587835
0.137139
0.095774
0.035595
0.308548
0.265186
0.097017
0.005103
0.365267
0.002297
0.243276
0.703033
0.115130
0.053569
0.244069
0.339794
0.158121
0.682463
0.010610
0.140557
0.253492
0.397031
0.039509
0.321891
0.160908
0.101020
0.028247
0.400935
0.034222
0.074151
0.068511
0.410232
0.223377
0.318596
0.057661
0.196099
0.169608
0.357749
0.473077
0.002446
0.224184
0.010646
0.159195
0.067832
0.073281
0.087069
0.194198
0.081308
0.263876
0.103680
0.014160
0.306273
0.067307
0.113397
0.231319
0.080830
0.011650
0.093656
0.578089
0.205296
0.222631
0.200088
0.044377
0.108372
0.278012
0.021377
0.065105
0.064681
0.113133
0.786126
0.013978
0.146253
0.039535
0.705874
0.024051
0.103369
0.267794
0.243854
0.109889
0.085090
0.101371
0.061380
0.045966
0.131958
0.062541
0.067784
0.213863
0.691791
0.185085
0.016021
0.015719
0.604922
0.070562
0.019317
0.182781
0.195446
0.209112
0.062232
0.003045
0.670569
0.057775
0.225419
0.245264
0.188326
0.075057
0.063243
0.182096
0.402126
0.586490
0.022389
0.033643
0.579128
0.266767
0.429106
0.045288
0.177145
0.241556
0.227957
0.104901
0.003103
0.174898
0.058365
0.119660
0.632032
0.101844
0.366268
0.041784
0.223229
0.754513
0.021493
0.001671
0.113685
0.019440
0.275971
0.491962
0.113840
0.059873
0.113975
0.257071
0.001819
0.178053
0.190017
0.203050
0.055420
0.250390
0.019168
0.044446
0.419880
0.268435
0.002768
0.057104
0.048263
0.063163
0.056887
0.012913
0.122845
0.263902
0.186653
0.223481
0.016926
0.605200
0.364640
0.327044
0.346303
0.539750
0.157164
0.044699
0.191831
0.271644
0.267819
0.147399
0.014183
0.092761
0.507071
0.175630
0.154582
0.062628
0.091915
0.451419
0.219600
0.309656
0.121154
0.198984
0.057106
0.244469
0.111584
0.116875
0.209578
0.550653
0.013229
0.348301
0.069170
0.117368
0.004431
0.071634
0.139685
0.011563
0.135099
0.523762
0.022274
0.289159
0.105415
0.212943
0.060285
0.034750
0.034981
0.014620
0.041072
0.218259
0.426890
0.336537
0.231122
0.023404
0.068269
0.074157
0.057525
0.144724
0.153382
0.088287
0.087326
0.352699
0.311457
0.073575
0.490190
0.610736
0.079125
0.087523
0.140896
0.566454
0.418011
0.021644
0.099757
0.161205
0.139886
0.043100
0.391539
0.225984
0.363919
0.391465
0.275948
0.115682
0.188602
0.034958
0.223954
0.039508
0.236801
0.052169
0.025011
0.036133
0.000399
0.253695
0.263653
0.144694
0.035195
0.017451
0.003863
0.036244
0.443017
0.055292
0.087475
0.022264
0.050299
0.146471
0.187173
0.056301
0.011893
0.099198
0.053368
0.049578
0.643090
0.191579
0.162782
0.107494
0.112054
0.155700
0.238428
0.242230
0.037675
0.138675
0.106191
0.408857
0.199619
0.152073
0.024523
0.186097
0.024932
0.082258
0.030827
0.235579
0.046198
0.099470
0.452048
0.045711
0.141776
0.108694
0.003658
0.314774
0.014309
0.128588
0.164505
0.198002
0.233356
0.058411
0.002006
0.257068
0.153426
0.361721
0.344508
0.370718
0.132754
0.081182
0.313619
0.120039
0.040532
0.386168
0.428365
0.125588
0.015744
0.098148
0.325457
0.464097
0.045499
0.013864
0.419685
0.098664
0.156073
0.688816
0.013777
0.209006
0.015399
0.094151
0.325739
0.113646
1.174371
0.163769
0.077475
0.049721
0.086317
0.093213
0.014238
0.092272
0.124813
0.256558
0.213847
0.246725
0.001680
0.049095
0.216755
0.132326
0.001066
0.326433
0.296393
0.159000
0.013755
0.290928
0.175276
0.304615
0.278661
0.324912
0.145966
0.030240
0.222435
0.193766
0.271156
0.037237
0.043376
0.442201
0.277241
0.477691
0.284356
0.181841
0.212340
0.439876
0.172933
0.200147
0.034034
0.128461
0.252036
0.063201
0.045193
0.075325
0.055283
0.048392
0.110625
0.476843
0.141473
0.041631
0.016019
0.238248
0.096512
0.345004
0.215474
0.318164
0.063476
0.235764
0.061322
0.559601
0.202326
0.078464
0.062808
0.042373
0.237253
0.049363
0.180923
0.061478
0.216924
0.337415
0.301038
0.286134
0.041583
0.018507
0.240095
0.091883
0.113249
0.006329
0.060107
0.006851
0.422700
0.055783
0.162989
0.007952
0.219831
0.078025
0.456398
0.438062
0.078695
0.462448
1.112335
0.349069
0.372700
0.057272
0.171936
0.013925
0.019946
1.361150
0.079095
0.275811
0.328666
0.390418
1.208829
0.055282
0.008238
0.105931
0.027871
0.004536
0.089391
0.306253
0.167025
0.075020
0.212461
0.052798
0.002897
0.289084
0.195497
0.287351
0.007943
0.362948
0.193268
0.165745
0.195960
0.399658
0.176831
0.173953
0.935100
0.282717
0.116785
0.245788
0.098607
0.051981
0.181690
0.526724
0.529408
0.083681
0.150019
0.047559
1.086649
0.793908
0.209684
0.326351
0.251124
0.179866
0.010965
0.121307
0.224655
0.226350
0.093401
0.568403
0.036630
0.138773
0.234808
0.238894
0.209188
0.064396
0.033970
0.202087
0.182910
0.039533
0.244250
0.121457
0.220380
0.363252
0.037200
0.003866
0.302011
0.188167
0.240554
0.364223
0.324718
0.648430
0.153546
0.134080
0.102795
0.033374
0.170010
0.064873
0.508442
0.175025
0.179710
0.087678
0.010678
0.006452
0.110099
0.017671
0.186711
0.425681
0.428971
0.215201
0.047457
0.397550
0.434475
0.043794
0.267445
0.067520
0.324545
1.178353
0.006097
0.455317
0.194906
0.725238
0.125101
0.375971
0.012885
0.081678
0.013874
0.740540
0.339625
0.382850
0.556012
0.017789
0.097421
0.014737
0.047345
0.052108
0.126639
0.062549
0.021290
0.036662
0.031864
0.722953
0.284835
0.686919
0.115871
0.065248
0.320188
0.078980
0.071159
0.052925
0.027779
0.059267
0.087800
0.224168
0.012922
0.047273
0.331121
0.031781
0.083906
0.399991
0.033666
0.017272
0.132538
0.072027
0.165751
0.325729
0.029503
0.173833
0.140845
0.031115
0.195632
0.063942
0.133821
0.017171
0.123083
0.073190
0.345623
0.011733
0.108466
0.122657
0.258201
0.170798
0.220050
0.300161
0.396395
0.075339
0.154448
0.366651
0.910347
0.440583
0.092873
0.043424
0.134431
0.270681
0.135679
0.132012
0.364316
0.089697
0.392929
0.104446
0.079569
0.121024
0.287473
0.026935
0.043736
0.605011
0.038594
0.167740
0.173174
0.134522
0.206984
0.052228
0.160888
0.093098
0.216745
0.030449
0.169203
0.040980
0.065324
0.049362
0.040384
0.349408
0.067293
0.523799
0.700822
0.169381
0.030864
0.093856
0.319633
0.091580
0.018208
0.162740
0.373022
0.317855
0.038504
0.223415
0.049822
0.049233
0.414409
0.057448
0.061101
0.000131
0.409076
0.314616
0.197412
0.277472
0.032986
0.122617
0.086532
0.019694
0.133157
0.507003
0.008177
0.068910
0.046523
0.054400
0.478140
0.126248
0.125584
0.285904
0.033564
0.133599
0.112419
0.181719
1.544706
0.293457
0.101455
0.351533
0.037437
0.006187
0.045744
0.083228
0.142907
0.190969
0.482940
0.142610
0.139140
0.010310
0.007107
0.160218
0.115314
0.365494
0.035033
0.005058
0.119218
0.054225
0.010177
0.257905
0.023665
0.187462
0.065993
0.038110
0.095527
0.323339
0.099547
0.277876
0.026817
0.296360
0.054082
0.226264
0.166842
0.529423
0.097983
0.013691
0.003868
0.350729
0.148777
0.298548
0.053426
0.084650
0.006113
0.651380
0.220445
0.541226
0.061712
0.189074
0.226952
0.076413
0.376919
0.588103
0.432313
0.268698
0.064998
0.066150
0.661325
0.002068
0.251791
0.245003
0.194937
0.923223
0.074758
0.083095
0.016446
0.116966
0.060505
0.084132
0.359844
0.548170
0.041093
0.093205
0.527977
0.012760
0.019382
0.035536
0.180879
0.032615
0.688882
0.118376
0.139238
0.056647
0.127338
0.216891
0.278203
0.280378
0.172498
0.469432
0.340100
0.282978
0.011442
0.001380
0.047765
0.217845
0.105933
0.102969
0.431847
0.451834
0.479765
0.075340
0.234919
0.063390
0.042295
0.040823
0.083743
0.112409
0.355511
0.025542
0.265549
0.151625
0.067920
0.135778
0.071318
0.181309
0.113777
0.035922
0.024792
0.158238
0.465402
0.084306
0.264101
0.214976
0.536345
0.344053
0.167221
0.214023
0.457316
0.102005
0.079141
0.002174
0.350374
0.322871
0.022064
0.172009
0.124717
0.025274
0.788169
0.048337
0.013920
0.180698
0.268545
0.006596
0.215009
0.151982
0.021799
0.037875
0.167854
0.070297
0.557145
0.341565
0.821695
0.060132
0.699478
0.112857
0.085395
0.010332
0.010842
0.235538
0.122472
0.051372
0.190368
0.058300
0.172376
0.089010
0.346946
0.343735
0.129769
0.086409
0.090059
0.327685
0.079553
0.046906
0.017698
0.125732
0.131607
0.367655
0.050010
0.095927
0.330475
0.347027
0.097100
0.122913
0.072276
0.539288
0.025259
0.542862
0.230318
0.151675
0.006641
0.129099
0.104765
0.035161
0.213661
0.709135
0.165194
0.250880
0.014181
0.108143
0.024741
0.189761
0.557686
0.216810
0.015983
0.087598
0.159997
0.103237
0.358725
0.337125
0.189263
0.093508
0.058965
0.022382
0.087669
0.106605
0.225293
0.214682
0.014537
0.100591
0.040125
0.034113
0.351242
0.008564
0.108664
0.036834
0.422940
0.162855
0.052632
0.139603
0.262971
0.634580
0.049807
0.434631
0.544544
0.496392
0.201799
0.198754
0.103238
0.279186
0.151556
0.226292
0.111883
0.262978
0.347991
0.031667
0.357868
0.155435
0.372435
0.112881
0.095298
0.493164
0.057848
0.371852
0.132338
0.144349
0.073769
0.170214
0.078671
0.008012
0.063490
0.001280
0.766594
0.674797
0.100557
0.260664
0.084870
0.222396
0.327393
0.586575
0.102236
0.305846
0.061830
0.927793
0.005221
0.185030
0.215472
0.232980
0.025655
0.557841
0.039979
0.194971
0.050380
0.073408
0.158134
0.107980
0.034924
0.037492
0.108307
0.283172
0.456487
0.017576
0.099880
0.021127
0.003346
0.216775
0.184487
0.035591
0.053266
0.004799
0.360298
0.735316
0.029111
0.052656
0.405612
0.521995
0.108817
0.010390
0.008038
0.170640
0.099811
0.005814
0.175055
0.002273
0.309642
0.073181
0.008218
0.177517
0.101395
0.728402
0.157140
0.064383
0.247188
0.063351
0.469189
0.093912
0.159643
0.010379
0.111067
0.357192
0.327618
0.050803
0.051257
0.339988
0.532994
0.020044
0.119589
0.082333
0.409106
0.017444
0.047430
0.279243
0.010531
0.135666
0.116718
0.081414
0.100364
0.150979
0.035197
0.169724
0.327395
0.285557
0.033424
0.032327
0.062443
0.089594
0.105004
0.227698
0.011670
0.007058
0.099487
0.238913
0.042994
0.205168
0.060175
0.434462
0.452078
0.070561
0.052271
0.105969
0.055027
0.223183
0.349814
0.223615
0.347853
0.101165
0.033996
0.267845
0.089406
0.222504
0.063119
0.016944
0.980764
0.033968
0.891712
0.756901
0.315799
0.215423
0.172459
0.402135
0.068340
0.126103
0.193196
0.105931
0.111544
0.080181
0.166129
0.380192
0.045011
0.544937
0.233649
0.346630
0.162472
0.302387
0.003267
0.341168
0.008193
0.441298
0.964734
0.069647
0.047225
0.289943
0.058345
0.401331
0.021705
0.026925
0.774095
0.224073
0.375316
0.078410
0.225701
0.180400
0.184839
0.229476
0.171302
0.112095
0.064571
0.292705
0.051307
0.235761
0.053140
0.196342
0.274935
0.049363
0.012363
0.028076
0.186279
0.378687
0.009208
0.264966
0.083503
0.130220
0.528620
0.080685
0.125224
0.002755
0.017024
0.059841
0.005649
0.199595
0.111164
0.158879
0.038389
0.070176
0.218024
0.672219
0.010346
0.442155
0.172020
0.165986
0.138741
0.014384
0.018835
0.183715
0.083394
0.498430
0.104374
0.030929
0.250856
0.069445
0.149086
0.239355
0.461046
0.314227
0.225625
0.227658
0.583475
0.070145
0.000223
0.063478
0.049152
0.216844
0.200867
0.180015
0.003275
0.260964
0.078174
0.218758
0.162647
0.083932
0.028907
0.019836
0.356186
0.501179
0.209843
0.021837
0.102842
0.261082
0.302663
0.025162
0.000006
0.249054
0.088197
0.058735
0.002596
0.155436
0.380964
0.632271
0.166825
0.144499
0.017779
0.159201
0.095600
0.186858
0.098442
0.054966
0.019956
0.075643
0.020328
0.038935
0.873801
0.117435
0.151803
0.413690
1.083822
0.174797
0.334767
0.079184
0.072983
0.103068
0.223258
0.229261
0.075737
0.028592
0.200150
0.027468
0.172784
0.236457
0.241203
0.280056
0.412492
0.138613
0.262051
0.193082
0.041316
0.005205
0.066966
0.117050
0.191999
0.379370
0.043692
0.026832
0.661979
0.022868
0.130206
0.176167
0.155904
0.017992
0.011744
0.022294
0.176179
0.157204
0.053247
0.203097
0.343035
0.008494
0.137883
0.233792
0.058154
0.073568
0.190196
0.456430
0.332067
0.174996
0.262031
0.090770
0.204867
0.125540
0.042128
0.241957
0.162596
0.088827
0.484587
0.004231
0.075893
0.011713
0.290938
0.242204
0.080500
0.225194
0.100815
0.282326
0.121095
0.106301
0.545844
0.057771
0.025668
0.175675
0.696841
0.094911
0.012809
0.082893
0.141016
0.035329
0.214649
1.219311
0.120201
0.087617
0.102400
0.024467
0.429585
0.107169
0.097968
0.215580
0.116691
0.208958
0.012683
0.336104
0.564369
0.209260
0.618299
0.032841
0.129794
0.184164
0.174329
0.102653
0.082523
0.027124
0.099431
0.035505
0.265127
0.046849
0.012070
0.160756
0.180887
0.411009
0.172068
0.084771
0.324922
0.155427
0.016520
0.166873
0.477234
0.100940
0.070288
0.030973
0.032844
0.113399
0.181110
0.016810
0.561249
0.281409
0.176679
0.352563
0.016717
0.129573
0.198901
0.352813
0.306005
0.064888
0.565638
0.026557
0.416102
0.707680
0.038997
0.256074
0.008224
0.103981
0.145251
0.173808
0.549578
