# Poisson Arrival Times Generated
# Generated on: 2025-09-28 05:59:07
# Arrival time: 0_125 seconds (avg inter-arrival time)
# QPS: 8.0000 queries per second
# Number of queries: 4322
# Random seed: 42
# Format: One delay value per line (seconds)
#
0.058659
0.376265
0.164593
0.114118
0.021203
0.021200
0.007480
0.251404
0.114885
0.153906
0.002600
0.437945
0.223304
0.029836
0.025085
0.025326
0.045344
0.092991
0.070692
0.043028
0.118296
0.018779
0.043189
0.057035
0.076117
0.192242
0.027842
0.090254
0.112188
0.005945
0.116917
0.023370
0.008408
0.371711
0.421329
0.206541
0.045411
0.012847
0.144094
0.072511
0.016269
0.085443
0.004374
0.300053
0.037432
0.135782
0.046693
0.091764
0.098903
0.025549
0.436601
0.186531
0.350637
0.281519
0.113882
0.318679
0.011582
0.027267
0.005785
0.049192
0.061516
0.039570
0.220570
0.055153
0.041225
0.097801
0.018987
0.202560
0.009684
0.541768
0.184935
0.027692
0.000692
0.211237
0.153387
0.163208
0.184402
0.009616
0.055487
0.015394
0.248566
0.122038
0.050227
0.008209
0.046561
0.049164
0.163484
0.126861
0.272781
0.079883
0.015922
0.156141
0.178799
0.102986
0.184236
0.085102
0.092460
0.069727
0.003218
0.014271
0.003992
0.126466
0.047175
0.088805
0.297658
0.035842
0.066035
0.176094
0.032476
0.010013
0.042768
0.021976
0.331869
0.206361
0.125437
0.256440
0.203496
0.025812
0.278852
0.096887
0.205919
0.283030
0.047841
0.014574
0.032336
0.069632
0.212979
0.246418
0.000872
0.089360
0.067534
0.031396
0.015960
0.051489
0.357890
0.048798
0.091432
0.151761
0.056497
0.445975
0.410251
0.036258
0.085957
0.044741
0.041906
0.004698
0.117562
0.087315
0.006606
0.040828
0.298608
0.034233
0.019566
0.084034
0.530505
0.034643
0.139394
0.179236
0.033917
0.162844
0.057315
0.125063
0.125480
0.095923
0.011829
0.225456
0.048351
0.025804
0.005204
0.111722
0.141481
0.002091
0.089704
0.032103
0.129516
0.023951
0.146777
0.061120
0.345043
0.018493
0.052142
0.015056
0.323274
0.262292
0.037291
0.134845
0.212436
0.101267
0.094285
0.034610
0.012216
0.284390
0.288347
0.125334
0.051756
0.053696
0.161808
0.284262
0.272642
0.189195
0.128414
0.010986
0.022037
0.286029
0.116562
0.001155
0.013375
0.136145
0.000634
0.021914
0.099462
0.147164
0.131930
0.031744
0.155677
0.033853
0.049204
0.171545
0.131097
0.236495
0.133977
0.105006
0.012295
0.057302
0.038520
0.034963
0.451539
0.062423
0.278257
0.124667
0.197978
0.087304
0.107519
0.084787
0.027152
0.160220
0.041197
0.003077
0.129621
0.024367
0.352635
0.384695
0.307939
0.057786
0.001947
0.329440
0.069867
0.425105
0.414217
0.239673
0.043597
0.060786
0.238091
0.047643
0.023215
0.101717
0.343912
0.148853
0.105514
0.012779
0.119316
0.576321
0.018865
0.091312
0.262326
0.168754
0.149259
0.151536
0.055687
0.043445
0.207172
0.207666
0.252244
0.305577
0.089512
0.087023
0.200119
0.131215
0.151319
0.198577
0.275915
0.051560
0.058867
0.012337
0.107927
0.004576
0.078326
0.097787
0.042204
0.111704
0.003872
0.004758
0.216169
0.055823
0.016986
0.092332
0.183706
0.030390
0.121902
0.011151
0.006633
0.094739
0.097239
0.126817
0.161870
0.465445
0.090786
0.048752
0.198207
0.039481
0.072248
0.010213
0.003210
0.410922
0.225971
0.148830
0.065732
0.023788
0.021265
0.036001
0.099599
0.156731
0.134924
0.041052
0.387263
0.167377
0.101029
0.118254
0.068005
0.035583
0.055002
0.177273
0.001812
0.015423
0.005887
0.005198
0.241775
0.152030
0.080348
0.012870
0.084565
0.080181
0.023774
0.071112
0.063542
0.119590
0.126014
0.005795
0.058673
0.122891
0.087430
0.242669
0.134372
0.022232
0.009148
0.128549
0.003359
0.110168
0.352157
0.107098
0.061413
0.128853
0.076619
0.098602
0.354766
0.060991
0.406136
0.294697
0.027237
0.008986
0.013278
0.002299
0.012401
0.143609
0.009231
0.048020
0.232941
0.002943
0.210566
0.041385
0.015719
0.149144
0.123925
0.262427
0.166037
0.203374
0.041417
0.024417
0.173595
0.205526
0.582126
0.066510
0.058155
0.187244
0.052092
0.333767
0.244355
0.070044
0.173723
0.175579
0.013605
0.291056
0.087963
0.218917
0.048217
0.282349
0.061624
0.001362
0.294738
0.011966
0.048082
0.374622
0.375994
0.106500
0.124904
0.074377
0.043378
0.049811
0.139540
0.174480
0.196024
0.194854
0.011955
0.085256
0.007410
0.099683
0.072819
0.273327
0.054024
0.015563
0.019288
0.179179
0.120363
0.013326
0.010982
0.150901
0.009443
0.215648
0.153125
0.010606
0.011082
0.539432
0.058605
0.057882
0.209447
0.367771
0.533597
0.174987
0.059003
0.010899
0.187655
0.102170
0.069004
0.296030
0.014735
0.084813
0.001427
0.079044
0.007244
0.015811
0.015628
0.130946
0.171325
0.109444
0.409340
0.058725
0.042059
0.253688
0.031635
0.412859
0.001529
0.437816
0.005515
0.277215
0.093768
0.619604
0.009583
0.100889
0.435447
0.092555
0.124079
0.148738
0.075766
0.123459
0.109728
0.289279
0.005814
0.041230
0.375500
0.276209
0.076022
0.120992
0.040609
0.026051
0.077882
0.054494
0.109530
0.010115
0.458120
0.535483
0.149733
0.096010
0.046297
0.210113
0.144291
0.022184
0.302288
0.216124
0.373967
0.161701
0.118801
0.067713
0.337377
0.251299
0.005784
0.003340
0.059043
0.207956
0.545534
0.020376
0.112716
0.059934
0.437964
0.230739
0.227774
0.079052
0.066979
0.039924
0.007253
0.250053
0.209515
1.021556
0.711859
0.101331
0.183160
0.362021
0.236847
0.035519
0.074853
0.017287
0.385028
0.116481
0.032450
0.139229
0.120334
0.055428
0.015067
0.139180
0.091826
0.184976
0.091789
0.238971
0.100344
0.102889
0.261595
0.064581
0.017986
0.003651
0.175882
0.121050
0.152208
0.029935
0.018327
0.001831
0.053961
0.111425
0.062248
0.071915
0.293133
0.053513
0.090191
0.191359
0.063135
0.121636
0.247893
0.373274
0.019885
0.326458
0.084688
0.037342
0.076823
0.489207
0.084811
0.049827
0.125436
0.034329
0.009862
0.017247
0.017127
0.020595
0.018683
0.128011
0.025093
0.053017
0.283872
0.080298
0.137661
0.023641
0.026694
0.005216
0.023131
0.040819
0.024351
0.011611
0.016070
0.077204
0.028887
0.056623
0.087501
0.146557
0.005013
0.200812
0.123574
0.010662
0.258517
0.317087
0.007878
0.040522
0.205117
0.172420
0.025497
0.029362
0.057848
0.082833
0.120375
0.057539
0.077611
0.172029
0.004672
0.036367
0.156186
0.281971
0.089597
0.094941
0.014170
0.074143
0.095076
0.034712
0.039209
0.059208
0.002534
0.048591
0.029695
0.049594
0.015945
0.276510
0.112550
0.142079
0.194589
0.086255
0.011367
0.096282
0.110490
0.171027
0.070629
0.017061
0.041720
0.056389
0.129778
0.105723
0.055026
0.538274
0.116354
0.033849
0.013418
0.020736
0.035288
0.021896
0.025811
0.041951
0.023800
0.283844
0.010454
0.092927
0.066038
0.504830
0.014853
0.063407
0.436132
0.250781
0.212333
0.037284
0.023425
0.138070
0.331298
0.101706
0.105966
0.041059
0.183434
0.025885
0.048886
0.069268
0.088561
0.034702
0.015248
0.117900
0.042570
0.108807
0.020958
0.082015
0.095068
0.006652
0.051298
0.018044
0.008184
0.575150
0.048641
0.207509
0.036736
0.143018
0.178508
0.113181
0.079732
0.066345
0.053630
0.331570
0.221951
0.419147
0.016591
0.164069
0.348266
0.024994
0.008601
0.168924
0.106803
0.230510
0.018820
0.198256
0.028147
0.022339
0.022431
0.210638
0.136777
0.092547
0.055558
0.262150
0.062289
0.212010
0.072284
0.059140
0.077645
0.044831
0.172097
0.087325
0.033030
0.287292
0.060541
0.098035
0.296187
0.122350
0.015539
0.351327
0.123510
0.050978
0.018747
0.197500
0.120972
0.095302
0.280413
0.194249
0.020561
0.046695
0.035709
0.170296
0.004263
0.105464
0.179677
0.261708
0.052334
0.215226
0.014655
0.234218
0.017047
0.063289
0.199501
0.020303
0.032549
0.160130
0.159137
0.128106
0.148000
0.097809
0.036260
0.053023
0.025050
0.298860
0.109451
0.064031
0.077488
0.367853
0.020809
0.110306
0.088124
0.118168
0.002285
0.257087
0.336249
0.104089
0.149109
0.319684
0.153550
0.020689
0.107338
0.116653
0.068984
0.166686
0.340460
0.324735
0.074921
0.015022
0.523647
0.228215
0.016643
0.317038
0.254928
0.091444
0.111839
0.063646
0.007040
0.051033
0.202976
0.000580
0.050714
0.063472
0.096360
0.315491
0.053147
0.053263
0.167189
0.075235
0.031798
0.075285
0.018977
0.024257
0.086236
0.067860
0.307912
0.056254
0.108613
0.125049
0.001648
0.136159
0.024507
0.405750
0.020118
0.066938
0.011152
0.721010
0.087193
0.113102
0.008679
0.173267
0.029450
0.285414
0.028699
0.026446
0.004654
0.079848
0.104006
0.008496
0.186750
0.075479
0.092895
0.072648
0.064012
0.102520
0.021088
0.025101
0.247369
0.365114
0.058413
0.039466
0.129103
0.065686
0.003214
0.021223
0.157335
0.134456
0.003434
0.031374
0.032845
0.139302
0.002488
0.013742
0.201127
0.024585
0.132212
0.034006
0.013093
0.034827
0.160137
0.241980
0.221656
0.063268
0.137860
0.028674
0.043367
0.283325
0.001636
0.011173
0.029131
0.003361
0.025025
0.109346
0.068398
0.278983
0.212587
0.052284
0.037541
0.059692
0.111540
0.039008
0.122320
0.065830
0.100383
0.071616
0.043600
0.370658
0.180282
0.018869
0.253563
0.083540
0.281192
0.201089
0.069220
0.002841
0.039113
0.097511
0.125462
0.037282
0.018759
0.225173
0.520078
0.093237
0.023544
0.039735
0.002320
0.307111
0.015660
0.107405
0.040035
0.100979
0.131736
0.221305
0.028900
0.001382
0.018401
0.287846
0.258825
0.113731
0.114698
0.136717
0.024103
0.307276
0.067826
0.060389
0.091465
0.006013
0.022733
0.167442
0.010804
0.115525
0.035188
0.061643
0.042582
0.054944
0.158695
0.044071
0.104455
0.080795
0.136208
0.345240
0.164863
0.030249
0.003960
0.038021
0.113008
0.006599
0.085738
0.113554
0.050854
0.184206
0.014090
0.009764
0.162831
0.085521
0.145755
0.071328
0.035362
0.213728
0.200815
0.148306
0.039707
0.111520
0.055976
0.012006
0.311587
0.018391
0.375061
0.073825
0.025591
0.097584
0.257893
0.164701
0.205349
0.134405
0.147319
0.236471
0.035905
0.084027
0.031252
0.549445
0.360433
0.005028
0.152841
0.324198
0.024894
0.104900
0.308858
0.004317
0.149426
0.044112
0.322781
0.442809
0.360897
0.080358
0.247601
0.232678
0.048043
0.220700
0.004714
0.113376
0.032672
0.016060
0.010009
0.148960
0.051916
0.161267
0.008449
0.047345
0.096928
0.195512
0.047979
0.122901
0.271420
0.119595
0.033152
0.003088
0.255123
0.002687
0.259632
0.094095
0.349749
0.200422
0.772774
0.053985
0.182191
0.064256
0.081711
0.123442
0.258614
0.517550
0.182775
0.067611
0.068384
0.167227
0.034104
0.014633
0.054740
0.042326
0.043927
0.033258
0.005376
0.002254
0.549997
0.069777
0.060630
0.142292
0.030778
0.374370
0.192924
0.011708
0.067571
0.264118
0.361945
0.078748
0.118799
0.022845
0.591181
0.032942
0.357501
0.131102
0.116978
0.089856
0.032779
0.024278
0.031136
0.025792
0.189030
0.053872
0.007448
0.434636
0.269040
0.328457
0.660006
0.023879
0.063073
0.177475
0.148849
0.020889
0.211489
0.031771
0.031671
0.096247
0.112349
0.108463
0.011993
0.262416
0.038588
0.017338
0.274495
0.389460
0.247678
0.207273
0.133114
0.100052
0.011376
0.065627
0.058289
0.037597
0.160657
0.085617
0.010565
0.031087
0.143709
0.009898
0.238150
0.085436
0.081882
0.112186
0.217643
0.053427
0.141657
0.104262
0.038831
0.263614
0.199581
0.134283
0.237626
0.252453
0.154031
0.226761
0.149447
0.142484
0.120492
0.174653
0.021587
0.265943
0.256813
0.003710
0.218456
0.017245
0.051018
0.170082
0.021907
0.212946
0.223074
0.088524
0.000801
0.042291
0.119941
0.496645
0.124896
0.037605
0.125642
0.097062
0.189178
0.014143
0.178926
0.097411
0.412078
0.052295
0.125170
0.336083
0.013519
0.346032
0.145548
0.008781
0.044757
0.153949
0.008716
0.109085
0.053059
0.121250
0.005853
0.256514
0.453774
0.433729
0.173113
0.017420
0.177488
0.003112
0.002796
0.048873
0.083836
0.183931
0.143723
0.073802
0.039961
0.731441
0.069430
0.075045
0.022335
0.197977
0.147892
0.031181
0.010747
0.142624
0.132849
0.039898
0.376644
0.020471
0.070778
0.359446
0.068032
0.127196
0.063353
0.040063
0.516721
0.065813
0.280657
0.032663
0.029958
0.003954
0.131824
0.057462
0.249717
0.080119
0.431010
0.025652
0.253711
0.187347
0.184212
0.232867
0.178924
0.123011
0.017587
0.004133
0.317048
0.119851
0.199034
0.082107
0.015597
0.016718
0.144622
0.070332
0.027975
0.084560
0.008295
0.109026
0.039167
0.199663
0.046449
0.075922
0.001461
0.009401
0.062299
0.081726
0.114543
0.043104
0.148423
0.245873
0.189181
0.005053
0.081863
0.013857
0.034641
0.539648
0.019216
0.086366
0.120343
0.151528
0.102523
0.001227
0.049401
0.091152
0.011496
0.053968
0.004221
0.010230
0.063214
0.017799
0.104783
0.146182
0.201547
0.027916
0.022913
0.013806
0.126473
0.153224
0.004012
0.344024
0.006671
0.097419
0.154330
0.255963
0.156508
0.202264
0.051835
0.210807
0.010438
0.281506
0.099146
0.212487
0.075258
0.128955
0.093425
0.164405
0.010644
0.007781
0.035478
0.021726
0.256754
0.030932
0.465513
0.051353
0.025130
0.194902
0.134377
0.086193
0.101312
0.158765
0.032420
0.701079
0.460080
0.131344
0.027821
0.142518
0.009367
0.003892
0.037247
0.077632
0.253377
0.162363
0.169692
0.069280
0.053069
0.057961
0.549258
0.005117
0.252205
0.108044
0.072169
0.161490
0.083354
0.258363
0.288704
0.068462
0.040513
0.112168
0.304319
0.029570
0.121928
0.124810
0.165116
0.017633
0.157271
0.299657
0.024758
0.033901
0.444272
0.024955
0.240849
0.084728
0.035500
0.255751
0.073667
0.090404
0.055636
0.112353
0.022320
0.062009
0.435895
0.037323
0.133657
0.049166
0.185611
0.017533
0.437576
0.075594
0.033657
0.009542
0.023255
0.091687
0.051373
0.220676
0.070460
0.035746
0.120012
0.153353
0.022846
0.022933
0.004670
0.166666
0.136258
0.080457
0.232374
0.204775
0.110041
0.253376
0.028809
0.014837
0.039296
0.007348
0.094689
0.344798
0.005017
0.016279
0.075230
0.339526
0.047503
0.088465
0.005308
0.020071
0.539344
0.419476
0.000619
0.379080
0.127401
0.253042
0.075812
0.090605
0.083886
0.137401
0.018802
0.003804
0.046009
0.152462
0.028183
0.139890
0.437954
0.012326
0.139572
0.073317
0.253254
0.024373
0.147461
0.227609
0.361679
0.143705
0.085939
0.120242
0.253979
0.105674
0.003857
0.334113
0.146207
0.141075
0.030366
0.134442
0.062581
0.131669
0.014089
0.134062
0.930215
0.006177
0.472483
0.065301
0.255754
0.190629
0.104632
0.167641
0.263496
0.064719
0.049507
0.137675
0.206182
0.179585
0.199821
0.071495
0.212855
0.016009
0.098292
0.000722
0.049054
0.057054
0.063058
0.148622
0.061492
0.074433
0.033901
0.058401
0.032228
0.009502
0.115619
0.137908
0.120780
0.077835
0.059711
0.248777
0.091507
0.081544
0.003247
0.052176
0.059794
0.063608
0.108489
0.095340
0.117031
0.180959
0.209571
0.158286
0.389100
0.002300
0.027235
0.000949
0.130329
0.285385
0.034879
0.327221
0.007770
0.340591
0.054160
0.013368
0.083160
0.037095
0.041912
0.045893
0.203085
0.096838
0.046620
0.117808
0.157414
0.039789
0.066708
0.016247
0.024982
0.142867
0.025026
0.093098
0.154324
0.014129
0.104717
0.037059
0.411858
0.082596
0.204982
0.099876
0.005548
0.125351
0.378025
0.115041
0.213788
0.269493
0.032359
0.029789
0.118016
0.066172
0.228964
0.287852
0.054508
0.033791
0.189565
0.040165
0.216179
0.068899
0.137658
0.012552
0.122224
0.075132
0.110420
0.022992
0.166890
0.248287
0.030536
0.012576
0.002990
0.128393
0.116773
0.098899
0.032987
0.061973
0.112822
0.085838
0.550642
0.018336
0.148490
0.064756
0.069871
0.158053
0.147384
0.592423
0.017177
0.013742
0.161073
0.107958
0.040053
0.010344
0.011194
0.280765
0.026629
0.048829
0.032129
0.054812
0.008994
0.091502
0.008751
0.201403
0.033275
0.097069
0.265115
0.131542
0.095167
0.049007
0.050621
0.138389
0.642437
0.135529
0.101994
0.163968
0.078234
0.007753
0.103277
0.395150
0.024092
0.146400
0.028039
0.095937
0.012709
0.074814
0.176407
0.053382
0.136670
0.198368
0.327467
0.033426
0.063711
0.020671
0.611332
0.327164
0.097054
0.230671
0.091996
0.122133
0.011669
0.175950
0.017080
0.218636
0.190424
0.154194
0.004604
0.045144
0.038165
0.055813
0.011465
0.345494
0.100874
0.045575
0.063226
0.074095
0.114722
0.090626
0.314770
0.085887
0.606033
0.238333
0.029230
0.333475
0.015464
0.212591
0.059880
0.262940
0.253173
0.204939
0.195099
0.045423
0.010548
0.064476
0.023823
0.148410
0.053100
0.464199
0.128044
0.216084
0.017771
0.247576
0.320100
0.083450
0.116506
0.180920
0.024022
0.087287
0.063575
0.019783
0.057266
0.008826
0.003269
0.018152
0.412494
0.099683
0.422022
0.070814
0.046712
0.088188
0.072368
0.013959
0.127994
0.030424
0.120813
0.131300
0.020613
0.007914
0.189699
0.076977
0.007490
0.658991
0.007440
0.148445
0.514412
0.034170
0.019180
0.016176
0.045171
0.013315
0.147272
0.008040
0.089021
0.714110
0.210231
0.119385
0.045706
0.122236
0.093593
0.069409
0.017510
0.272109
0.074681
0.027056
0.057311
0.066832
0.219697
0.165351
0.183332
0.001387
0.067265
0.082064
0.002422
0.037607
0.178541
0.018433
0.095798
0.030291
0.001524
0.034502
0.465557
0.202144
0.401043
0.083643
0.014530
0.099248
0.075728
0.232524
0.012904
0.083738
0.020322
0.049070
0.167120
0.080787
0.058928
0.062708
0.076895
0.192149
0.278301
0.388570
0.193251
0.047366
0.145648
0.071943
0.036741
0.229755
0.004898
0.290045
0.077366
0.126738
0.134614
0.281865
0.126555
0.118968
0.008622
0.091332
0.020340
0.167156
0.089737
0.142518
0.005321
0.011075
0.157490
0.009352
0.009240
0.001523
0.391878
0.167192
0.054475
0.043967
0.053791
0.186265
0.135356
0.025601
0.023912
0.012947
0.134963
0.180688
0.038493
0.002646
0.010718
0.429707
0.043774
0.183288
0.122492
0.060146
0.028785
0.016176
0.119318
0.186254
0.129069
0.094458
0.005357
0.432176
0.200379
0.043309
0.488818
0.115126
0.109161
0.172327
0.208761
0.133563
0.017134
0.051612
0.329031
0.031800
0.058185
0.070721
0.072345
0.118647
0.358254
0.034419
0.016193
0.027498
0.272463
0.129741
0.042093
0.211566
0.246993
0.234269
0.314050
0.036334
0.175834
0.077148
0.230644
0.162970
0.187264
0.133448
0.024415
0.098440
0.522241
0.346350
0.005517
0.022513
0.017656
0.161819
0.212821
0.030022
0.088115
0.229623
0.164970
0.097676
0.111556
0.088751
0.044147
0.104057
0.145949
0.258264
0.126425
0.178975
0.021805
0.077384
0.001172
0.035408
0.162039
0.600604
0.013056
0.064165
0.201224
0.028525
0.101234
0.165097
0.119634
0.026036
0.054888
0.191439
0.100993
0.000655
0.178907
0.004494
0.171172
0.028281
0.396480
0.057347
0.049489
0.020151
0.045589
0.261592
0.701093
0.057419
0.074414
0.160049
0.271659
0.112381
0.062100
0.066511
0.148684
0.000403
0.120813
0.054909
0.197605
0.012200
0.110903
0.081975
0.128516
0.008382
0.108433
0.103045
0.102810
0.115631
0.141057
0.204337
0.039308
0.217906
0.086208
0.010024
0.007542
0.050853
0.192080
0.153739
0.194259
0.091037
0.072522
0.019941
0.049723
0.071149
0.011597
0.031156
0.113983
0.166316
0.800684
0.338094
0.128600
0.068360
0.126386
0.192519
0.015743
0.065934
0.228918
0.060530
0.106042
0.110772
0.025491
0.056223
0.050904
0.003318
0.003061
0.222749
0.039866
0.091247
0.044357
0.353100
0.037519
0.070190
0.257681
0.230592
0.025740
0.202843
0.076604
0.082457
0.017909
0.010504
0.162716
0.085762
0.071776
0.163439
0.181294
0.021632
0.117773
0.018179
0.173976
0.133737
0.392204
0.008931
0.007343
0.041443
0.037927
0.035458
0.295897
0.035885
0.039673
0.178077
0.074671
0.187411
0.008450
0.083574
0.004274
0.008088
0.296141
0.018743
0.095023
0.066186
0.053338
0.287615
0.002758
0.136252
0.413444
0.102670
0.345226
0.006709
0.067831
0.037665
0.164047
0.497385
0.037053
0.132728
0.027596
0.104146
0.077937
0.446968
0.117230
0.053753
0.015143
0.020498
0.031913
0.036121
0.237654
0.102970
0.092632
0.015238
0.245889
0.160383
0.008758
0.153805
0.098031
0.010657
0.076631
0.082875
0.022656
0.364150
0.237119
0.138213
0.077556
0.066329
0.131576
0.098551
0.008037
0.089809
0.205247
0.076847
0.006669
0.192885
0.028106
0.037405
0.022496
0.050100
0.176709
0.091586
0.028658
0.262793
0.264598
0.255585
0.034107
0.075012
0.524877
0.184808
0.003443
0.008428
0.077937
0.299915
0.096714
0.086098
0.013933
0.133673
0.215819
0.059839
0.186797
0.417196
0.028483
0.092616
0.042308
0.196792
0.107723
0.125839
0.199883
0.063017
0.308271
0.095186
0.021490
0.148799
0.197037
0.047614
0.243271
0.295748
0.040527
0.513212
0.018956
0.028208
0.025452
0.280527
0.132770
0.020625
0.072550
0.119411
0.010894
0.267576
0.203452
0.087952
0.426886
0.067609
0.517761
0.137797
0.125870
0.022683
0.267057
0.069716
0.022127
0.001586
0.102553
0.093688
0.158832
0.276203
0.010342
0.164361
0.025941
0.244147
0.213701
0.097282
0.154839
0.047174
0.079636
0.215492
0.076853
0.055357
0.085205
0.220214
0.051035
0.023859
0.155605
0.218572
0.013259
0.034284
0.019140
0.053453
0.074809
0.172701
0.131638
0.121254
0.054305
0.230209
0.079664
0.483530
0.125689
0.016872
0.140945
0.049150
0.144926
0.009023
0.024029
0.242015
0.032214
0.226782
0.040937
0.128711
0.148083
0.089848
0.045536
0.029884
0.004219
0.045291
0.132362
0.348194
0.256191
0.181589
0.194160
0.136697
0.037687
0.297157
0.138861
0.102748
0.014706
0.074062
0.077106
0.249907
0.098886
0.059835
0.470452
0.014668
0.068641
0.005367
0.168338
0.312746
0.041069
0.244292
0.043202
0.302067
0.175284
0.204285
0.002271
0.411466
0.162135
0.045436
0.221050
0.041327
0.257704
0.014930
0.152042
0.097256
0.012690
0.034616
0.001560
0.079070
0.044811
0.114024
0.044092
0.044570
0.169929
0.006168
0.291495
0.239041
0.137754
0.112436
0.278554
0.025622
0.010283
0.034224
0.197836
0.004411
0.109276
0.673736
0.241979
0.092123
0.008220
0.222509
0.114218
0.015261
0.012320
0.300476
0.138280
0.220971
0.263974
0.106013
0.091083
0.070359
0.047648
0.071277
0.185836
0.115139
0.278810
0.073234
0.116772
0.124724
0.111968
0.151599
0.033883
0.089773
0.013758
0.060667
0.083598
0.132025
0.375801
0.114740
0.170124
0.088220
0.125676
0.009197
0.036694
0.056148
0.079949
0.005840
0.018856
0.040511
0.444875
0.050311
0.082232
0.027285
0.117951
0.041182
0.028990
0.090857
0.000690
0.000962
0.030909
0.004677
0.014290
0.051724
0.202806
0.106093
0.089851
0.043427
0.335579
0.063233
0.011390
0.119987
0.015107
0.052933
0.088510
0.259155
0.085040
0.151441
0.617002
0.017622
0.040152
0.062728
0.068486
0.066171
0.297718
0.156485
0.117031
0.046269
0.217010
0.387805
0.215185
0.000196
0.126463
0.006561
0.037235
0.007671
0.115728
0.145030
0.015199
0.060531
0.076155
0.057567
0.016125
0.067864
0.173877
0.009207
0.010447
0.054769
0.355324
0.138043
0.141911
0.056161
0.112571
0.001273
0.126358
0.305644
0.118529
0.258636
0.160907
0.016059
0.290928
0.008594
0.095437
0.019164
0.001472
0.068530
0.043702
0.083192
0.107607
0.005591
0.016407
0.102237
0.052541
0.163285
0.132049
0.233530
0.147407
0.070250
0.139712
0.040264
0.045717
0.194478
0.073919
0.200172
0.216043
0.243606
0.310566
0.070481
0.048000
0.109094
0.057987
0.114872
0.152846
0.145756
0.058661
0.022819
0.070381
0.019230
0.276020
0.053058
0.020972
0.003222
0.129745
0.126635
0.052054
0.009302
0.065875
0.046604
0.141310
0.116356
0.056686
0.030720
0.553231
0.075642
0.145704
0.018933
0.083092
0.003490
0.088015
0.415590
0.060605
0.004972
0.003931
0.061375
0.021798
0.002954
0.176433
0.076682
0.042678
0.287927
0.015432
0.390215
0.047104
0.274108
0.115459
0.219097
0.516999
0.042531
0.405959
0.061681
0.060871
0.052013
0.097449
0.020926
0.100849
0.097530
0.179384
0.224208
0.072576
0.045002
0.037526
0.027056
0.007422
0.052404
0.039381
0.424218
0.101973
0.053325
0.108577
0.018736
0.073383
0.123016
0.083898
0.064224
0.636380
0.265361
0.122073
0.105315
0.121165
0.028098
0.062844
0.005032
0.080675
0.097891
0.032306
0.415630
0.300238
0.160081
0.095282
0.254998
0.017502
0.195385
0.016666
0.197613
0.040330
0.262038
0.360394
0.020138
0.077644
0.495332
0.082563
0.248972
0.111064
0.058816
0.042071
0.028398
0.179330
0.061080
0.089495
0.084739
0.107630
0.250846
0.493711
0.065443
0.219683
0.180770
0.106526
0.390580
0.027967
0.014463
0.240486
0.072288
0.234639
0.279471
0.008062
0.268695
0.074348
0.089279
0.123136
0.326109
0.002413
0.080984
0.145483
0.160335
0.147423
0.018047
0.044476
0.055535
0.203984
0.040848
0.029577
0.394629
0.001113
0.766103
0.141194
0.220374
0.043627
0.001802
0.167364
0.224580
0.168613
0.019268
0.175013
0.183125
0.134316
0.181616
0.233787
0.118862
0.011597
0.083588
0.010104
0.065435
0.065343
0.008536
0.053621
0.014707
0.206436
0.368816
0.009383
0.387957
0.092419
0.044507
0.009997
0.086800
0.197798
0.153485
0.006441
0.009462
0.064453
0.043746
0.033058
0.041238
0.203376
0.331037
0.064921
0.295705
0.048483
0.080887
0.032028
0.127872
0.482792
0.115633
0.055360
0.130451
0.016395
0.274395
0.087417
0.074582
0.110195
0.122532
0.009310
0.143456
0.034623
0.156450
0.216123
0.203679
0.100510
0.091790
0.019272
0.186649
0.039580
0.085820
0.041807
0.017959
0.124132
0.006983
0.172611
0.047765
0.000017
0.089457
0.005998
0.040400
0.153438
0.008093
0.228557
0.000478
0.035432
0.168820
0.047524
0.013433
0.055832
0.039406
0.231210
0.046991
0.194447
0.278055
0.071105
0.300914
0.059215
0.415802
0.011691
0.145202
0.085106
0.061306
0.125201
0.152114
0.000547
0.022833
0.156054
0.137221
0.422849
0.178931
0.376413
0.151560
0.044237
0.013917
0.190307
0.129155
0.006173
0.055796
0.392739
0.086744
0.070865
0.076492
0.029289
0.057498
0.057717
0.006722
0.182394
0.067340
0.215873
0.237430
0.029781
0.133882
0.079899
0.265196
0.030377
0.141578
0.116983
0.043748
0.018360
0.131815
0.167712
0.047407
0.129396
0.062843
0.156124
0.027770
0.276154
0.042356
0.057316
0.007481
0.014779
0.090673
0.038927
0.225591
0.001850
0.059572
0.051438
0.002440
0.016601
0.066728
0.084872
0.064750
0.094627
0.113024
0.001247
0.077975
0.413803
0.091494
0.141473
0.046721
0.185898
0.185307
0.092084
0.466285
0.016770
0.002137
0.183796
0.205734
0.016009
0.038585
0.002214
0.043395
0.185429
0.091216
0.053482
0.058100
0.000169
0.044549
0.129969
0.457146
0.234714
0.002985
0.286037
0.191097
0.189480
0.076560
0.063438
0.045106
0.008494
0.032384
0.035395
0.082725
0.172015
0.080262
0.007448
0.395637
0.357485
0.192250
0.593456
0.098290
0.411325
0.009827
0.056900
0.031923
0.027244
0.018970
0.121744
0.190019
0.107932
0.019869
0.208333
0.126310
0.061412
0.140157
0.037622
0.052927
0.311848
0.042900
0.079357
0.276070
0.153756
0.008028
0.019919
0.000984
0.124593
0.074202
0.018023
0.396065
0.094287
0.034616
0.086794
0.142281
0.009913
0.040147
0.205611
0.076946
0.098866
0.070884
0.005612
0.022653
0.073720
0.029336
0.006409
0.231957
0.496688
0.196966
0.240335
0.034630
0.404334
0.027414
0.378093
0.657852
0.155479
0.496364
0.105363
0.037561
0.071809
0.112540
0.009486
0.121721
0.496590
0.026357
0.196635
0.298108
0.359636
0.402784
0.092127
0.473217
0.176996
0.022043
0.080998
0.158378
0.035518
0.127920
0.137302
0.022197
0.104076
0.184597
0.086368
0.001522
0.001135
0.055207
0.325790
0.032456
0.125765
0.031391
0.048515
0.235519
0.163141
0.012533
0.069981
0.003700
0.081955
0.135749
0.015767
0.042615
0.063403
0.314985
0.624870
0.005744
0.178916
0.058097
0.062292
0.175438
0.313281
0.376810
0.107584
0.055225
0.193631
0.036127
0.103785
0.055509
0.133619
0.034370
0.026586
0.312994
0.013421
0.088142
0.031194
0.004963
0.004585
0.024080
0.251960
0.041494
0.375620
0.108921
0.071724
0.108464
0.090889
0.177754
0.041497
0.054436
0.280651
0.365908
0.278851
0.067972
0.189474
0.080863
0.086030
0.028626
0.111795
0.025745
0.050352
0.241404
0.029003
0.009227
0.008938
0.353322
0.088386
0.065830
0.208171
0.225853
0.050469
0.147865
0.184321
0.132900
0.020550
0.260816
0.096820
0.041493
0.069223
0.004787
0.017102
0.181312
0.000001
0.067353
0.092402
0.007023
0.451852
0.032043
0.045336
0.045290
0.032738
0.000184
0.163364
0.425822
0.031748
0.135977
0.169299
0.235835
0.068659
0.045109
0.049185
0.155869
0.212133
0.025053
0.057941
0.290272
0.205435
0.523789
0.175429
0.062444
0.111644
0.135225
0.010213
0.098294
0.154442
0.022888
0.189625
0.109565
0.380148
0.005419
0.038541
0.115023
0.043972
0.156656
0.177873
0.013520
0.090156
0.088886
0.057612
0.337743
0.219674
0.149339
0.156613
0.077421
0.317280
0.148265
0.163196
0.247283
0.040038
0.205679
0.027151
0.052955
0.051111
0.480111
0.242710
0.150985
0.162311
0.103213
0.367397
0.085712
0.059859
0.022247
0.192843
0.165741
0.060636
0.003190
0.228292
0.001435
0.152048
0.439396
0.071956
0.033481
0.152543
0.212371
0.098826
0.426540
0.006631
0.087848
0.158432
0.248144
0.024693
0.201182
0.100568
0.063137
0.017654
0.250584
0.021389
0.046345
0.042819
0.256395
0.139611
0.199123
0.036038
0.122562
0.106005
0.223593
0.295673
0.001529
0.140115
0.006653
0.099497
0.042395
0.045800
0.054418
0.121374
0.050818
0.164923
0.064800
0.008850
0.191421
0.042067
0.070873
0.144574
0.050519
0.007281
0.058535
0.361306
0.128310
0.139144
0.125055
0.027736
0.067732
0.173758
0.013361
0.040691
0.040426
0.070708
0.491329
0.008736
0.091408
0.024710
0.441171
0.015032
0.064606
0.167371
0.152409
0.068680
0.053181
0.063357
0.038363
0.028729
0.082474
0.039088
0.042365
0.133664
0.432369
0.115678
0.010013
0.009824
0.378076
0.044102
0.012073
0.114238
0.122154
0.130695
0.038895
0.001903
0.419106
0.036109
0.140887
0.153290
0.117703
0.046911
0.039527
0.113810
0.251329
0.366556
0.013993
0.021027
0.361955
0.166729
0.268191
0.028305
0.110716
0.150972
0.142473
0.065563
0.001939
0.109311
0.036478
0.074787
0.395020
0.063652
0.228918
0.026115
0.139518
0.471570
0.013433
0.001044
0.071053
0.012150
0.172482
0.307476
0.071150
0.037421
0.071234
0.160669
0.001137
0.111283
0.118761
0.126906
0.034638
0.156493
0.011980
0.027779
0.262425
0.167772
0.001730
0.035690
0.030164
0.039477
0.035554
0.008071
0.076778
0.164939
0.116658
0.139675
0.010579
0.378250
0.227900
0.204402
0.216439
0.337344
0.098227
0.027937
0.119894
0.169777
0.167387
0.092124
0.008864
0.057975
0.316920
0.109769
0.096614
0.039143
0.057447
0.282137
0.137250
0.193535
0.075721
0.124365
0.035691
0.152793
0.069740
0.073047
0.130986
0.344158
0.008268
0.217688
0.043232
0.073355
0.002770
0.044771
0.087303
0.007227
0.084437
0.327352
0.013921
0.180724
0.065884
0.133089
0.037678
0.021719
0.021863
0.009137
0.025670
0.136412
0.266807
0.210336
0.144451
0.014627
0.042668
0.046348
0.035953
0.090452
0.095864
0.055179
0.054579
0.220437
0.194661
0.045984
0.306369
0.381710
0.049453
0.054702
0.088060
0.354033
0.261257
0.013527
0.062348
0.100753
0.087429
0.026938
0.244712
0.141240
0.227449
0.244666
0.172467
0.072301
0.117876
0.021849
0.139971
0.024693
0.148001
0.032605
0.015632
0.022583
0.000249
0.158559
0.164783
0.090434
0.021997
0.010907
0.002414
0.022652
0.276885
0.034558
0.054672
0.013915
0.031437
0.091544
0.116983
0.035188
0.007433
0.061999
0.033355
0.030986
0.401931
0.119737
0.101739
0.067184
0.070034
0.097312
0.149018
0.151394
0.023547
0.086672
0.066370
0.255535
0.124762
0.095046
0.015327
0.116311
0.015583
0.051411
0.019267
0.147237
0.028874
0.062169
0.282530
0.028569
0.088610
0.067934
0.002286
0.196734
0.008943
0.080367
0.102815
0.123751
0.145847
0.036507
0.001254
0.160668
0.095891
0.226076
0.215318
0.231699
0.082972
0.050738
0.196012
0.075024
0.025332
0.241355
0.267728
0.078492
0.009840
0.061342
0.203411
0.290061
0.028437
0.008665
0.262303
0.061665
0.097546
0.430510
0.008610
0.130628
0.009624
0.058844
0.203587
0.071029
0.733982
0.102356
0.048422
0.031076
0.053948
0.058258
0.008899
0.057670
0.078008
0.160349
0.133655
0.154203
0.001050
0.030684
0.135472
0.082703
0.000666
0.204021
0.185246
0.099375
0.008597
0.181830
0.109548
0.190385
0.174163
0.203070
0.091228
0.018900
0.139022
0.121104
0.169472
0.023273
0.027110
0.276376
0.173276
0.298557
0.177722
0.113651
0.132713
0.274922
0.108083
0.125092
0.021271
0.080288
0.157523
0.039500
0.028246
0.047078
0.034552
0.030245
0.069141
0.298027
0.088421
0.026020
0.010012
0.148905
0.060320
0.215628
0.134671
0.198852
0.039673
0.147353
0.038326
0.349751
0.126454
0.049040
0.039255
0.026483
0.148283
0.030852
0.113077
0.038424
0.135577
0.210884
0.188149
0.178834
0.025989
0.011567
0.150059
0.057427
0.070780
0.003956
0.037567
0.004282
0.264188
0.034865
0.101868
0.004970
0.137394
0.048766
0.285249
0.273789
0.049184
0.289030
0.695210
0.218168
0.232938
0.035795
0.107460
0.008703
0.012466
0.850719
0.049434
0.172382
0.205416
0.244012
0.755518
0.034551
0.005148
0.066207
0.017419
0.002835
0.055869
0.191408
0.104391
0.046887
0.132788
0.032999
0.001811
0.180678
0.122185
0.179595
0.004965
0.226842
0.120792
0.103591
0.122475
0.249786
0.110519
0.108721
0.584438
0.176698
0.072990
0.153617
0.061629
0.032488
0.113556
0.329203
0.330880
0.052301
0.093762
0.029724
0.679156
0.496193
0.131053
0.203969
0.156952
0.112416
0.006853
0.075817
0.140409
0.141469
0.058376
0.355252
0.022894
0.086733
0.146755
0.149309
0.130743
0.040248
0.021231
0.126305
0.114318
0.024708
0.152656
0.075911
0.137737
0.227032
0.023250
0.002416
0.188757
0.117604
0.150347
0.227640
0.202949
0.405269
0.095966
0.083800
0.064247
0.020859
0.106256
0.040545
0.317776
0.109391
0.112319
0.054799
0.006674
0.004032
0.068812
0.011045
0.116695
0.266051
0.268107
0.134501
0.029660
0.248469
0.271547
0.027371
0.167153
0.042200
0.202841
0.736470
0.003811
0.284573
0.121816
0.453274
0.078188
0.234982
0.008053
0.051048
0.008671
0.462837
0.212266
0.239281
0.347508
0.011118
0.060888
0.009211
0.029591
0.032568
0.079149
0.039093
0.013306
0.022914
0.019915
0.451846
0.178022
0.429324
0.072419
0.040780
0.200118
0.049363
0.044474
0.033078
0.017362
0.037042
0.054875
0.140105
0.008076
0.029546
0.206951
0.019863
0.052441
0.249995
0.021041
0.010795
0.082836
0.045017
0.103595
0.203581
0.018439
0.108646
0.088028
0.019447
0.122270
0.039964
0.083638
0.010732
0.076927
0.045744
0.216014
0.007333
0.067791
0.076661
0.161376
0.106749
0.137531
0.187601
0.247747
0.047087
0.096530
0.229157
0.568967
0.275364
0.058046
0.027140
0.084019
0.169176
0.084799
0.082508
0.227698
0.056060
0.245581
0.065279
0.049730
0.075640
0.179671
0.016835
0.027335
0.378132
0.024121
0.104837
0.108234
0.084076
0.129365
0.032642
0.100555
0.058186
0.135466
0.019031
0.105752
0.025612
0.040828
0.030851
0.025240
0.218380
0.042058
0.327374
0.438014
0.105863
0.019290
0.058660
0.199770
0.057238
0.011380
0.101713
0.233139
0.198659
0.024065
0.139634
0.031139
0.030771
0.259005
0.035905
0.038188
0.000082
0.255673
0.196635
0.123382
0.173420
0.020616
0.076636
0.054083
0.012309
0.083223
0.316877
0.005110
0.043069
0.029077
0.034000
0.298838
0.078905
0.078490
0.178690
0.020977
0.083500
0.070262
0.113575
0.965441
0.183410
0.063409
0.219708
0.023398
0.003867
0.028590
0.052017
0.089317
0.119356
0.301837
0.089131
0.086963
0.006444
0.004442
0.100136
0.072071
0.228434
0.021895
0.003161
0.074511
0.033891
0.006361
0.161191
0.014791
0.117164
0.041245
0.023819
0.059704
0.202087
0.062217
0.173672
0.016761
0.185225
0.033801
0.141415
0.104276
0.330889
0.061240
0.008557
0.002418
0.219206
0.092986
0.186593
0.033391
0.052906
0.003821
0.407112
0.137778
0.338266
0.038570
0.118171
0.141845
0.047758
0.235574
0.367564
0.270196
0.167936
0.040624
0.041344
0.413328
0.001292
0.157370
0.153127
0.121836
0.577014
0.046724
0.051934
0.010279
0.073103
0.037815
0.052583
0.224902
0.342606
0.025683
0.058253
0.329986
0.007975
0.012114
0.022210
0.113049
0.020384
0.430551
0.073985
0.087023
0.035405
0.079586
0.135557
0.173877
0.175236
0.107811
0.293395
0.212563
0.176861
0.007151
0.000863
0.029853
0.136153
0.066208
0.064356
0.269905
0.282396
0.299853
0.047087
0.146824
0.039619
0.026434
0.025515
0.052339
0.070256
0.222194
0.015964
0.165968
0.094765
0.042450
0.084861
0.044574
0.113318
0.071111
0.022451
0.015495
0.098899
0.290876
0.052691
0.165063
0.134360
0.335215
0.215033
0.104513
0.133764
0.285822
0.063753
0.049463
0.001359
0.218984
0.201794
0.013790
0.107506
0.077948
0.015796
0.492606
0.030211
0.008700
0.112936
0.167841
0.004123
0.134381
0.094989
0.013624
0.023672
0.104909
0.043936
0.348216
0.213478
0.513560
0.037583
0.437173
0.070536
0.053372
0.006458
0.006776
0.147212
0.076545
0.032107
0.118980
0.036438
0.107735
0.055631
0.216841
0.214834
0.081106
0.054005
0.056287
0.204803
0.049721
0.029317
0.011061
0.078582
0.082254
0.229785
0.031256
0.059954
0.206547
0.216892
0.060688
0.076821
0.045173
0.337055
0.015787
0.339289
0.143949
0.094797
0.004151
0.080687
0.065478
0.021976
0.133538
0.443210
0.103246
0.156800
0.008863
0.067589
0.015463
0.118600
0.348554
0.135507
0.009989
0.054748
0.099998
0.064523
0.224203
0.210703
0.118289
0.058442
0.036853
0.013989
0.054793
0.066628
0.140808
0.134176
0.009086
0.062869
0.025078
0.021321
0.219526
0.005352
0.067915
0.023021
0.264337
0.101785
0.032895
0.087252
0.164357
0.396612
0.031129
0.271644
0.340340
0.310245
0.126124
0.124221
0.064524
0.174492
0.094722
0.141433
0.069927
0.164361
0.217494
0.019792
0.223668
0.097147
0.232772
0.070551
0.059561
0.308227
0.036155
0.232408
0.082711
0.090218
0.046106
0.106384
0.049169
0.005008
0.039682
0.000800
0.479121
0.421748
0.062848
0.162915
0.053044
0.138998
0.204620
0.366609
0.063897
0.191154
0.038644
0.579871
0.003263
0.115644
0.134670
0.145612
0.016034
0.348650
0.024987
0.121857
0.031487
0.045880
0.098834
0.067487
0.021828
0.023432
0.067692
0.176982
0.285304
0.010985
0.062425
0.013204
0.002091
0.135485
0.115304
0.022244
0.033291
0.002999
0.225186
0.459572
0.018195
0.032910
0.253508
0.326247
0.068011
0.006494
0.005024
0.106650
0.062382
0.003634
0.109409
0.001421
0.193526
0.045738
0.005136
0.110948
0.063372
0.455251
0.098212
0.040239
0.154493
0.039595
0.293243
0.058695
0.099777
0.006487
0.069417
0.223245
0.204761
0.031752
0.032036
0.212492
0.333121
0.012527
0.074743
0.051458
0.255691
0.010903
0.029644
0.174527
0.006582
0.084791
0.072949
0.050884
0.062728
0.094362
0.021998
0.106078
0.204622
0.178473
0.020890
0.020205
0.039027
0.055996
0.065627
0.142311
0.007294
0.004411
0.062179
0.149320
0.026871
0.128230
0.037609
0.271539
0.282548
0.044101
0.032670
0.066231
0.034392
0.139489
0.218634
0.139760
0.217408
0.063228
0.021247
0.167403
0.055879
0.139065
0.039449
0.010590
0.612977
0.021230
0.557320
0.473063
0.197375
0.134639
0.107787
0.251334
0.042713
0.078814
0.120747
0.066207
0.069715
0.050113
0.103831
0.237620
0.028132
0.340585
0.146031
0.216644
0.101545
0.188992
0.002042
0.213230
0.005121
0.275811
0.602958
0.043529
0.029516
0.181215
0.036466
0.250832
0.013565
0.016828
0.483809
0.140045
0.234573
0.049006
0.141063
0.112750
0.115525
0.143422
0.107064
0.070059
0.040357
0.182941
0.032067
0.147351
0.033213
0.122714
0.171834
0.030852
0.007727
0.017548
0.116425
0.236680
0.005755
0.165603
0.052189
0.081388
0.330387
0.050428
0.078265
0.001722
0.010640
0.037400
0.003531
0.124747
0.069478
0.099299
0.023993
0.043860
0.136265
0.420137
0.006467
0.276347
0.107513
0.103741
0.086713
0.008990
0.011772
0.114822
0.052121
0.311519
0.065234
0.019331
0.156785
0.043403
0.093179
0.149597
0.288154
0.196392
0.141016
0.142286
0.364672
0.043841
0.000139
0.039674
0.030720
0.135528
0.125542
0.112510
0.002047
0.163102
0.048858
0.136724
0.101654
0.052458
0.018067
0.012397
0.222616
0.313237
0.131152
0.013648
0.064276
0.163177
0.189164
0.015726
0.000004
0.155659
0.055123
0.036709
0.001623
0.097147
0.238103
0.395169
0.104265
0.090312
0.011112
0.099501
0.059750
0.116786
0.061526
0.034354
0.012473
0.047277
0.012705
0.024334
0.546126
0.073397
0.094877
0.258556
0.677388
0.109248
0.209230
0.049490
0.045614
0.064418
0.139536
0.143288
0.047336
0.017870
0.125094
0.017167
0.107990
0.147785
0.150752
0.175035
0.257808
0.086633
0.163782
0.120676
0.025823
0.003253
0.041854
0.073156
0.120000
0.237106
0.027308
0.016770
0.413737
0.014292
0.081379
0.110105
0.097440
0.011245
0.007340
0.013934
0.110112
0.098252
0.033279
0.126936
0.214397
0.005309
0.086177
0.146120
0.036346
0.045980
0.118873
0.285269
0.207542
0.109373
0.163769
0.056731
0.128042
0.078462
0.026330
0.151223
0.101622
0.055517
0.302867
0.002645
0.047433
0.007320
0.181836
0.151378
0.050312
0.140746
0.063010
0.176453
0.075684
0.066438
0.341153
0.036107
0.016043
0.109797
0.435525
0.059320
0.008006
0.051808
0.088135
0.022081
0.134155
0.762069
0.075126
0.054761
0.064000
0.015292
0.268490
0.066981
0.061230
0.134737
0.072932
0.130598
0.007927
0.210065
0.352731
0.130788
0.386437
0.020526
0.081121
0.115102
0.108956
0.064158
0.051577
0.016952
0.062145
0.022191
0.165704
0.029280
0.007544
0.100472
0.113054
0.256881
0.107542
0.052982
0.203076
0.097142
0.010325
0.104296
0.298271
0.063087
0.043930
0.019358
0.020528
0.070874
0.113194
0.010506
0.350781
0.175880
0.110425
0.220352
0.010448
0.080983
0.124313
0.220508
0.191253
0.040555
0.353524
0.016598
0.260064
0.442300
0.024373
0.160046
0.005140
0.064988
0.090782
0.108630
0.343487
