# Poisson Arrival Times Generated
# Generated on: 2025-09-28 05:59:07
# Arrival time: 16 seconds (avg inter-arrival time)
# QPS: 0.0625 queries per second
# Number of queries: 4322
# Random seed: 42
# Format: One delay value per line (seconds)
#
7.508289
48.161943
21.067931
14.607081
2.713998
2.713541
0.957420
32.179694
14.705314
19.700001
0.332789
56.056920
28.582873
3.819002
3.210864
3.241783
5.804060
11.902845
9.048593
5.507568
15.141934
2.403752
5.528248
7.300435
9.742955
24.606976
3.563774
11.552466
14.360076
0.761022
14.965328
2.991380
1.076223
47.579005
53.930085
26.437305
5.812606
1.644437
18.444012
9.281453
2.082436
10.936756
0.559900
38.406766
4.791324
17.380093
5.976745
11.745774
12.659581
3.270218
55.884914
23.875926
44.881511
36.034432
14.576871
40.790966
1.482487
3.490155
0.740511
6.296513
7.874085
5.064967
28.232926
7.059632
5.276845
12.518513
2.430370
25.927738
1.239614
69.346341
23.671740
3.544631
0.088599
27.038348
19.633535
20.890607
23.603432
1.230868
7.102283
1.970402
31.816473
15.620819
6.429101
1.050689
5.959814
6.293027
20.926013
16.238230
34.916031
10.225058
2.037958
19.986022
22.886284
13.182200
23.582239
10.893036
11.834861
8.925027
0.411964
1.826679
0.510939
16.187673
6.038347
11.366995
38.100248
4.587821
8.452512
22.539986
4.156883
1.281668
5.474245
2.812934
42.479201
26.414193
16.055907
32.824316
26.047503
3.303928
35.693014
12.401598
26.357573
36.227882
6.123691
1.865475
4.138988
8.912923
27.261276
31.541520
0.111623
11.438019
8.644373
4.018677
2.042886
6.590537
45.809938
6.246141
11.703245
19.425392
7.231592
57.084770
52.512158
4.640981
11.002548
5.726887
5.363995
0.601352
15.047873
11.176314
0.845617
5.226015
38.221775
4.381769
2.504494
10.756354
67.904592
4.434317
17.842480
22.942202
4.341331
20.843983
7.336365
16.008060
16.061405
12.278164
1.514067
28.858317
6.188965
3.302914
0.666076
14.300454
18.109628
0.267631
11.482089
4.109186
16.577989
3.065668
18.787400
7.823339
44.165501
2.367111
6.674119
1.927109
41.379046
33.573339
4.773238
17.260204
27.191745
12.962118
12.068471
4.430033
1.563618
36.401972
36.908391
16.042719
6.624744
6.873082
20.711447
36.385558
34.898121
24.216995
16.436971
1.406268
2.820707
36.611688
14.919903
0.147834
1.711950
17.426598
0.081191
2.805053
12.731166
18.837045
16.887064
4.063198
19.926677
4.333180
6.298159
21.957721
16.780381
30.271297
17.149013
13.440709
1.573713
7.334661
4.930562
4.475203
57.796950
7.990200
35.616883
15.957350
25.341204
11.174965
13.762494
10.852695
3.475438
20.508189
5.273238
0.393864
16.591501
3.118937
45.137330
49.240999
39.416158
7.396598
0.249237
42.168375
8.943012
54.413472
53.019768
30.678192
5.580417
7.780671
30.475626
6.098340
2.971498
13.019792
44.020696
19.053210
13.505797
1.635651
15.272491
73.769116
2.414729
11.687925
33.577738
21.600548
19.105191
19.396601
7.127877
5.560993
26.517992
26.581251
32.287201
39.113855
11.457492
11.138950
25.615199
16.795505
19.368810
25.417912
35.317176
6.599719
7.534989
1.579137
13.814624
0.585666
10.025711
12.516713
5.402091
14.298120
0.495601
0.609016
27.669622
7.145360
2.174225
11.818457
23.514367
3.889888
15.603514
1.427376
0.849042
12.126543
12.446567
16.232599
20.719369
59.576912
11.620658
6.240315
25.370464
5.053623
9.247735
1.307283
0.410842
52.598079
28.924282
19.050284
8.413754
3.044905
2.721932
4.608096
12.748650
20.061589
17.270246
5.254596
49.569656
21.424278
12.931688
15.136488
8.704606
4.554581
7.040226
22.690910
0.231969
1.974086
0.753510
0.665303
30.947249
19.459850
10.284554
1.647311
10.824287
10.263205
3.043115
9.102386
8.133386
15.307559
16.129833
0.741797
7.510144
15.730000
11.191031
31.061591
17.199596
2.845646
1.170919
16.454306
0.429905
14.101558
45.076087
13.708519
7.860811
16.493235
9.807296
12.621030
45.410034
7.806840
51.985470
37.721219
3.486340
1.150146
1.699605
0.294238
1.587280
18.381998
1.181594
6.146515
29.816417
0.376752
26.952488
5.297335
2.012002
19.090487
15.862387
33.590653
21.252697
26.031933
5.301342
3.125333
22.220102
26.307347
74.512078
8.513270
7.443903
23.967272
6.667739
42.722207
31.277427
8.965690
22.236555
22.474128
1.741400
37.255131
11.259320
28.021321
6.171767
36.140648
7.887815
0.174349
37.726517
1.531610
6.154458
47.951558
48.127193
13.631957
15.987681
9.520235
5.552364
6.375781
17.861177
22.333406
25.091127
24.941297
1.530191
10.912794
0.948507
12.759381
9.320884
34.985899
6.915066
1.992096
2.468922
22.934889
15.406491
1.705739
1.405688
19.315336
1.208737
27.602974
19.599996
1.357580
1.418462
69.047337
7.501401
7.408884
26.809206
47.074633
68.300383
22.398388
7.552336
1.395104
24.019881
13.077767
8.832530
37.891803
1.886083
10.856082
0.182697
10.117670
0.927207
2.023856
2.000420
16.761094
21.929563
14.008860
52.395523
7.516745
5.383507
32.472041
4.049313
52.845922
0.195663
56.040431
0.705904
35.483540
12.002292
79.309258
1.226582
12.913755
55.737204
11.847103
15.882053
19.038420
9.698044
15.802787
14.045214
37.027724
0.744183
5.277484
48.063936
35.354813
9.730804
15.486928
5.197975
3.334467
9.968938
6.975257
14.019899
1.294757
58.639362
68.541849
19.165822
12.289255
5.926069
26.894515
18.469273
2.839578
38.692817
27.663912
47.867816
20.697664
15.206464
8.667240
43.184294
32.166278
0.740367
0.427533
7.557564
26.618364
69.828407
2.608152
14.427586
7.671579
56.059337
29.534611
29.155041
10.118649
8.573359
5.110222
0.928431
32.006818
26.817879
130.759130
91.117974
12.970425
23.444529
46.338747
30.316352
4.546439
9.581229
2.212742
49.283581
14.909563
4.153660
17.821273
15.402727
7.094727
1.928626
17.815061
11.753767
23.676913
11.748958
30.588322
12.844066
13.169833
33.484138
8.266357
2.302207
0.467280
22.512919
15.494383
19.482646
3.831704
2.345801
0.234424
6.906996
14.262358
7.967710
9.205113
37.520984
6.849642
11.544400
24.493948
8.081282
15.569448
31.730250
47.779047
2.545310
41.786604
10.840044
4.779767
9.833391
62.618450
10.855861
6.377857
16.055780
4.394055
1.262325
2.207604
2.192295
2.636158
2.391361
16.385345
3.211942
6.786229
36.335586
10.278098
17.620625
3.026056
3.416816
0.667635
2.960758
5.224770
3.116989
1.486175
2.056899
9.882069
3.697475
7.247698
11.200083
18.759319
0.641692
25.703908
15.817499
1.364727
33.090155
40.587097
1.008365
5.186829
26.254963
22.069716
3.263674
3.758384
7.404562
10.602601
15.408029
7.365001
9.934258
22.019663
0.597967
4.654986
19.991870
36.092268
11.468466
12.152472
1.813781
9.490292
12.169709
4.443085
5.018794
7.578640
0.324406
6.219596
3.800911
6.347988
2.041010
35.393278
14.406381
18.186127
24.907345
11.040583
1.454914
12.324134
14.142769
21.891466
9.040554
2.183755
5.340195
7.217837
16.611594
13.532508
7.043308
68.899132
14.893328
4.332712
1.717488
2.654213
4.516910
2.802638
3.303868
5.369694
3.046439
36.332023
1.338171
11.894598
8.452889
64.618275
1.901238
8.116128
55.824955
32.099905
27.178609
4.772401
2.998393
17.672954
42.406162
13.018407
13.563641
5.255600
23.479580
3.313248
6.257405
8.866313
11.335759
4.441801
1.951732
15.091195
5.449014
13.927249
2.682636
10.497942
12.168756
0.851434
6.566138
2.309589
1.047556
73.619221
6.226080
26.561130
4.702221
18.306262
22.849060
14.487146
10.205706
8.492125
6.864693
42.440897
28.409713
53.650822
2.123657
21.000822
44.578036
3.199293
1.100965
21.622290
13.670834
29.505234
2.408932
25.376802
3.602876
2.859443
2.871115
26.961653
17.507418
11.846015
7.111382
33.555243
7.973004
27.137323
9.252398
7.569913
9.938577
5.738324
22.028437
11.177645
4.227880
36.773438
7.749308
12.548518
37.911930
15.660789
1.989034
44.969867
15.809231
6.525221
2.399629
25.280022
15.484408
12.198622
35.892853
24.863840
2.631861
5.977001
4.570714
21.797889
0.545721
13.499417
22.998619
33.498678
6.698793
27.548927
1.875902
29.979903
2.182074
8.101034
25.536086
2.598749
4.166288
20.496690
20.369539
16.397507
18.944027
12.519506
4.641339
6.786931
3.206420
38.254018
14.009745
8.195931
9.918520
47.085180
2.663513
14.119114
11.279911
15.125509
0.292419
32.907096
43.039817
13.323447
19.085932
40.919510
19.654359
2.648168
13.739234
14.931534
8.829992
21.335845
43.578830
41.566019
9.589829
1.922859
67.026784
29.211490
2.130335
40.580927
32.630783
11.704822
14.315421
8.146637
0.901090
6.532238
25.980927
0.074285
6.491422
8.124450
12.334128
40.382808
6.802834
6.817704
21.400143
9.630044
4.070120
9.636518
2.429119
3.104872
11.038209
8.686019
39.412684
7.200553
13.902438
16.006252
0.210895
17.428291
3.136938
51.935972
2.575150
8.568018
1.427415
92.289306
11.160750
14.477109
1.110913
22.178180
3.769645
36.533038
3.673421
3.385127
0.595749
10.220573
13.312706
1.087471
23.904041
9.661354
11.890522
9.298904
8.193571
13.122615
2.699248
3.212881
31.663189
46.734587
7.476835
5.051702
16.525172
8.407833
0.411426
2.716538
20.138932
17.210397
0.439518
4.015888
4.204185
17.830636
0.318518
1.758977
25.744295
3.146843
16.923185
4.352778
1.675841
4.457912
20.497517
30.973381
28.372016
8.098280
17.646028
3.670295
5.550937
36.265578
0.209395
1.430194
3.728804
0.430249
3.203248
13.996300
8.754981
35.709808
27.211134
6.692365
4.805220
7.640637
14.277084
4.992987
15.656996
8.426177
12.849078
9.166806
5.580800
47.444276
23.076072
2.415272
32.456079
10.693125
35.992632
25.739431
8.860106
0.363609
5.006409
12.481404
16.059157
4.772075
2.401191
28.822193
66.569987
11.934313
3.013678
5.086024
0.296990
39.310216
2.004497
13.747851
5.124501
12.925368
16.862218
28.327027
3.699240
0.176908
2.355329
36.844344
33.129622
14.557509
14.681339
17.499748
3.085152
39.331353
8.681754
7.729773
11.707471
0.769675
2.909787
21.432625
1.382852
14.787236
4.504001
7.890276
5.450435
7.032776
20.313024
5.641145
13.370296
10.341757
17.434655
44.190746
21.102484
3.871930
0.506875
4.866709
14.464970
0.844724
10.974495
14.534861
6.509310
23.578399
1.803503
1.249768
20.842359
10.946724
18.656682
9.129984
4.526340
27.357179
25.704345
18.983181
5.082458
14.274574
7.164960
1.536812
39.883197
2.354087
48.007850
9.449616
3.275685
12.490718
33.010269
21.081724
26.284701
17.203803
18.856861
30.268352
4.595832
10.755483
4.000210
70.328935
46.135421
0.643602
19.563705
41.497337
3.186445
13.427247
39.533844
0.552568
19.126567
5.646319
41.315979
56.679519
46.194779
10.285782
31.692971
29.782836
6.149448
28.249561
0.603357
14.512138
4.182020
2.055644
1.281205
19.066847
6.645216
20.642183
1.081439
6.060166
12.406776
25.025557
6.141274
15.731345
34.741787
15.308104
4.243450
0.395255
32.655707
0.343982
33.232924
12.044220
44.767869
25.653960
98.915111
6.910058
23.320404
8.224784
10.458997
15.800527
33.102625
66.246353
23.395154
8.654147
8.753113
21.405084
4.365266
1.873067
7.006709
5.417746
5.622635
4.256979
0.688076
0.288570
70.399648
8.931516
7.760620
18.213322
3.939604
47.919300
24.694285
1.498618
8.649036
33.807087
46.328986
10.079799
15.206307
2.924198
75.671115
4.216611
45.760149
16.781009
14.973156
11.501628
4.195760
3.107612
3.985358
3.301335
24.195852
6.895610
0.953328
55.633347
34.437136
42.042473
84.480796
3.056539
8.073310
22.716856
19.052726
2.673806
27.070608
4.066731
4.053884
12.319568
14.380712
13.883294
1.535134
33.589197
4.939224
2.219275
35.135330
49.850822
31.702829
26.531000
17.038600
12.806637
1.456078
8.400232
7.460993
4.812359
20.564089
10.958920
1.352311
3.979140
18.394722
1.266957
30.483178
10.935793
10.480882
14.359809
27.858367
6.838690
18.132062
13.345493
4.970370
33.742583
25.546402
17.188265
30.416091
32.313930
19.715925
29.025390
19.129275
18.237989
15.422983
22.355526
2.763107
34.040741
32.872053
0.474936
27.962358
2.207423
6.530352
21.770541
2.804135
27.257079
28.553445
11.331125
0.102502
5.413237
15.352472
63.570615
15.986652
4.813435
16.082200
12.423952
24.214804
1.810352
22.902536
12.468576
52.745940
6.693697
16.021819
43.018576
1.730448
44.292063
18.630174
1.123962
5.728839
19.705456
1.115615
13.962908
6.791506
15.519939
0.749140
32.833806
58.083110
55.517371
22.158443
2.229779
22.718492
0.398308
0.357951
6.255772
10.731003
23.543183
18.396572
9.446640
5.115059
93.624460
8.887069
9.605793
2.858829
25.341067
18.930116
3.991176
1.375569
18.255933
17.004722
5.106974
48.210471
2.620229
9.059576
46.009095
8.708114
16.281040
8.109189
5.128028
66.140328
8.424073
35.924040
4.180893
3.834561
0.506065
16.873534
7.355185
31.963809
10.255250
55.169317
3.283395
32.474968
23.980437
23.579073
29.806922
22.902274
15.745420
2.251104
0.529071
40.582133
15.340923
25.476361
10.509734
1.996467
2.139900
18.511661
9.002492
3.580795
10.823616
1.061809
13.955287
5.013325
25.556917
5.945414
9.717976
0.187017
1.203284
7.974280
10.460942
14.661474
5.517355
18.998146
31.471800
24.215210
0.646800
10.478429
1.773657
4.434101
69.074922
2.459662
11.054815
15.403879
19.395573
13.122919
0.157102
6.323357
11.667409
1.471503
6.907966
0.540270
1.309403
8.091374
2.278216
13.412278
18.711337
25.798012
3.573302
2.932818
1.767181
16.188546
19.612719
0.513532
44.035105
0.853928
12.469614
19.754240
32.763257
20.033080
25.889854
6.634924
26.983273
1.336103
36.032805
12.690747
27.198362
9.632976
16.506224
11.958365
21.043805
1.362478
0.996001
4.541235
2.780984
32.864569
3.959267
59.585645
6.573170
3.216594
24.947410
17.200259
11.032722
12.967973
20.321903
4.149759
89.738100
58.890240
16.812049
3.561148
18.242365
1.198998
0.498114
4.767660
9.936885
32.432319
20.782448
21.720606
8.867897
6.792777
7.418970
70.305022
0.654972
32.282288
13.829628
9.237585
20.670745
10.669349
33.070501
36.954056
8.763179
5.185727
14.357554
38.952895
3.784974
15.606743
15.975648
21.134880
2.257050
20.130639
38.356051
3.169033
4.339353
56.866833
3.194289
30.828636
10.845135
4.543952
32.736096
9.429397
11.571678
7.121439
14.381141
2.856917
7.937135
55.794529
4.777374
17.108118
6.293187
23.758267
2.244268
56.009767
9.676015
4.308057
1.221404
2.976607
11.735974
6.575761
28.246558
9.018835
4.575508
15.361583
19.629162
2.924351
2.935444
0.597772
21.333282
17.441000
10.298467
29.743880
26.211173
14.085296
32.432170
3.687550
1.899088
5.029885
0.940498
12.120225
44.134099
0.642215
2.083742
9.629492
43.459338
6.080410
11.323560
0.679388
2.569146
69.036017
53.692869
0.079236
48.522253
16.307354
32.389353
9.703876
11.597377
10.737368
17.587284
2.406679
0.486912
5.889089
19.515174
3.607409
17.905895
56.058086
1.577702
17.865265
9.384605
32.416506
3.119698
18.875038
29.133934
46.294918
18.394180
11.000202
15.390958
32.509327
13.526225
0.493733
42.766488
18.714521
18.057561
3.886912
17.208592
8.010425
16.853618
1.803409
17.159877
119.067567
0.790608
60.477810
8.358491
32.736535
24.400481
13.392882
21.458029
33.727506
8.284001
6.336948
17.622341
26.391325
22.986934
25.577048
9.151400
27.245410
2.049135
12.581370
0.092405
6.278867
7.302953
8.071473
19.023624
7.870965
9.527433
4.339370
7.475366
4.125202
1.216209
14.799194
17.652184
15.459900
9.962842
7.643046
31.843404
11.712929
10.437670
0.415625
6.678526
7.653622
8.141848
13.886577
12.203474
14.980022
23.162770
26.825126
20.260556
49.804780
0.294414
3.486079
0.121466
16.682127
36.529312
4.464470
41.884307
0.994558
43.595663
6.932520
1.711047
10.644521
4.748137
5.364720
5.874301
25.994928
12.395314
5.967371
15.079436
20.148988
5.092988
8.538661
2.079663
3.197657
18.286939
3.203305
11.916552
19.753456
1.808494
13.403822
4.743535
52.717808
10.572294
26.237739
12.784180
0.710129
16.044896
48.387208
14.725255
27.364835
34.495144
4.141985
3.813026
15.106033
8.470039
29.307440
36.845062
6.976968
4.325242
24.264309
5.141058
27.670863
8.819093
17.620248
1.606592
15.644673
9.616898
14.133762
2.943039
21.361941
31.780708
3.908645
1.609763
0.382759
16.434283
14.946960
12.659127
4.222347
7.932523
14.441217
10.987227
70.482131
2.347066
19.006681
8.288794
8.943445
20.230766
18.865161
75.830189
2.198690
1.758996
20.617324
13.818676
5.126825
1.324011
1.432814
35.937896
3.408465
6.250128
4.112509
7.015988
1.151222
11.712197
1.120110
25.779553
4.259157
12.424875
33.934765
16.837313
12.181370
6.272897
6.479490
17.713746
82.231947
17.347740
13.055288
20.987928
10.013967
0.992429
13.219428
50.579255
3.083827
18.739180
3.588981
12.279991
1.626792
9.576187
22.580107
6.832860
17.493780
25.391082
41.915755
4.278587
8.154978
2.645846
78.250479
41.876946
12.422970
29.525936
11.775471
15.633038
1.493584
22.521623
2.186197
27.985420
24.374225
19.736881
0.589286
5.778465
4.885122
7.144004
1.467578
44.223221
12.911888
5.833570
8.092919
9.484218
14.684443
11.600132
40.290513
10.993480
77.572212
30.506642
3.741419
42.684791
1.979404
27.211673
7.664666
33.656380
32.406127
26.232203
24.972683
5.814110
1.350101
8.252879
3.049360
18.996530
6.796807
59.417445
16.389682
27.658803
2.274691
31.689705
40.972823
10.681602
14.912745
23.157772
3.074821
11.172681
8.137597
2.532194
7.330072
1.129718
0.418414
2.323489
52.799253
12.759404
54.018845
9.064173
5.979188
11.288112
9.263150
1.786792
16.383187
3.894319
15.464005
16.806349
2.638463
1.012995
24.281528
9.853066
0.958782
84.350912
0.952273
19.000944
65.844769
4.373738
2.455070
2.070534
5.781835
1.704371
18.850872
1.029063
11.394740
91.406078
26.909580
15.281313
5.850381
15.646226
11.979961
8.884339
2.241263
34.829937
9.559128
3.463107
7.335763
8.554511
28.121244
21.164965
23.466533
0.177481
8.609888
10.504236
0.310061
4.813643
22.853195
2.359483
12.262161
3.877260
0.195117
4.416303
59.591280
25.874451
51.333561
10.706330
1.859799
12.703736
9.693242
29.763054
1.651717
10.718428
2.601219
6.281002
21.391358
10.340771
7.542814
8.026585
9.842595
24.595107
35.622536
49.736929
24.736154
6.062890
18.642943
9.208760
4.702865
29.408700
0.626946
37.125793
9.902815
16.222522
17.230580
36.078670
16.199086
15.227934
1.103635
11.690529
2.603484
21.396031
11.486316
18.242342
0.681058
1.417663
20.158726
1.197031
1.182767
0.194918
50.160424
21.400577
6.972762
5.627808
6.885223
23.841859
17.325584
3.276914
3.060686
1.657272
17.275207
23.128061
4.927167
0.338679
1.371919
55.002480
5.603017
23.460865
15.678920
7.698706
3.684448
2.070561
15.272730
23.840457
16.520890
12.090650
0.685705
55.318584
25.648471
5.543567
62.568649
14.736093
13.972568
22.057866
26.721433
17.096094
2.193211
6.606302
42.116024
4.070342
7.447698
9.052308
9.260105
15.186792
45.856566
4.405580
2.072655
3.519786
34.875249
16.606785
5.387868
27.080499
31.615148
29.986370
40.198393
4.650793
22.506692
9.874971
29.522417
20.860141
23.969740
17.081347
3.125123
12.600272
66.846826
44.332790
0.706135
2.881629
2.260018
20.712862
27.241116
3.842832
11.278746
29.391761
21.116218
12.502466
14.279144
11.360154
5.650862
13.319357
18.681498
33.057825
16.182434
22.908806
2.791019
9.905192
0.150007
4.532219
20.741019
76.877367
1.671163
8.213108
25.756685
3.651214
12.957951
21.132379
15.313197
3.332566
7.025622
24.504214
12.927109
0.083893
22.900049
0.575198
21.909975
3.619985
50.749388
7.340354
6.334534
2.579386
5.835411
33.483770
89.739940
7.349692
9.525025
20.486230
34.772411
14.384816
7.948810
8.513383
19.031556
0.051575
15.464063
7.028314
25.293400
1.561640
14.195568
10.492787
16.450112
1.072835
13.879391
13.189765
13.159710
14.800770
18.055313
26.155189
5.031443
27.892027
11.034634
1.283027
0.965360
6.509176
24.586211
19.678550
24.865184
11.652733
9.282783
2.552422
6.364541
9.107127
1.484382
3.987940
14.589820
21.288495
102.487566
43.276090
16.460837
8.750101
16.177421
24.642442
2.015111
8.439545
29.301544
7.747795
13.573339
14.178757
3.262796
7.196578
6.515738
0.424735
0.391827
28.511834
5.102819
11.679593
5.677696
45.196737
4.802483
8.984272
32.983143
29.515838
3.294712
25.963881
9.805346
10.554435
2.292321
1.344570
20.827682
10.977511
9.187368
20.920218
23.205675
2.768871
15.074976
2.326963
22.268958
17.118306
50.202125
1.143215
0.939952
5.304741
4.854604
4.538590
37.874760
4.593235
5.078163
22.793796
9.557826
23.988582
1.081607
10.697496
0.547064
1.035231
37.906002
2.399133
12.162980
8.471863
6.827265
36.814719
0.353041
17.440294
52.920880
13.141806
44.188903
0.858765
8.682382
4.821094
20.998057
63.665219
4.742831
16.989140
3.532295
13.330700
9.975923
57.211858
15.005431
6.880380
1.938343
2.623790
4.084820
4.623549
30.419768
13.180216
11.856938
1.950504
31.473779
20.529082
1.121067
19.686990
12.548005
1.364140
9.808706
10.607981
2.900025
46.611151
30.351293
17.691270
9.927140
8.490075
16.841717
12.614520
1.028744
11.495527
26.271677
9.836472
0.853680
24.689282
3.597596
4.787889
2.879551
6.412778
22.618748
11.723049
3.668221
33.637478
33.868561
32.714883
4.365667
9.601486
67.184252
23.655430
0.440692
1.078841
9.975890
38.389097
12.379369
11.020508
1.783376
17.110143
27.624823
7.659415
23.910047
53.401043
3.645804
11.854881
5.415478
25.189335
13.788589
16.107432
25.585004
8.066115
39.458627
12.183805
2.750746
19.046333
25.220798
6.094585
31.138640
37.855770
5.187423
65.691154
2.426409
3.610661
3.257864
35.907506
16.994598
2.639962
9.286339
15.284581
1.394464
34.249687
26.041918
11.257845
54.641471
8.653988
66.273366
17.638070
16.111323
2.903485
34.183338
8.923593
2.832252
0.203003
13.126807
11.992082
20.330558
35.353978
1.323789
21.038261
3.320496
31.250814
27.353747
12.452093
19.819391
6.038210
10.193349
27.582942
9.837221
7.085645
10.906217
28.187376
6.532498
3.053951
19.917496
27.977196
1.697105
4.388339
2.449897
6.841934
9.575606
22.105771
16.849701
15.520490
6.951094
29.466718
10.196958
61.891879
16.088166
2.159646
18.040959
6.291147
18.550478
1.154958
3.075651
30.977905
4.123337
29.028119
5.239986
16.475020
18.954598
11.500520
5.828649
3.825204
0.540042
5.797258
16.942396
44.568791
32.792468
23.243376
24.852501
17.497275
4.823885
38.036081
17.774147
13.151720
1.882339
9.479964
9.869597
31.988051
12.657390
7.658913
60.217875
1.877501
8.786091
0.686932
21.547279
40.031520
5.256895
31.269397
5.529911
38.664637
22.436302
26.148444
0.290730
52.667600
20.753265
5.815766
28.294438
5.289905
32.986109
1.910997
19.461368
12.448774
1.624277
4.430909
0.199706
10.120902
5.735746
14.595086
5.643788
5.704950
21.750900
0.789445
37.311398
30.597241
17.632515
14.391786
35.654862
3.279558
1.316188
4.380681
25.323044
0.564569
13.987295
86.238210
30.973340
11.791769
1.052100
28.481106
14.619844
1.953471
1.576935
38.460924
17.699874
28.284325
33.788646
13.569605
11.658611
9.005905
6.098916
9.123435
23.787007
14.737775
35.687698
9.373960
14.946778
15.964679
14.331938
19.404653
4.337048
11.490970
1.761053
7.765420
10.700490
16.899159
48.102562
14.686716
21.775885
11.292136
16.086500
1.177177
4.696876
7.186988
10.233501
0.747576
2.413615
5.185428
56.943982
6.439841
10.525749
3.492441
15.097772
5.271255
3.710763
11.629667
0.088336
0.123097
3.956292
0.598601
1.829088
6.620650
25.959210
13.579932
11.500946
5.558660
42.954117
8.093808
1.457936
15.358304
1.933695
6.775372
11.329312
33.171856
10.885167
19.384488
78.976252
2.255603
5.139414
8.029222
8.766147
8.469838
38.107958
20.030042
14.980027
5.922480
27.777296
49.639014
27.543645
0.025061
16.187275
0.839826
4.766029
0.981918
14.813195
18.563884
1.945422
7.747949
9.747854
7.368535
2.063981
8.686635
22.256283
1.178477
1.337237
7.010407
45.481509
17.669546
18.164584
7.188666
14.409072
0.162926
16.173845
39.122414
15.171665
33.105346
20.596109
2.055490
37.238786
1.100067
12.215998
2.452976
0.188411
8.771851
5.593844
10.648528
13.773692
0.715591
2.100033
13.086397
6.725216
20.900429
16.902260
29.891790
18.868110
8.991968
17.883089
5.153752
5.851762
24.893229
9.461570
25.621956
27.653559
31.181613
39.752473
9.021582
6.143959
13.963991
7.422371
14.703676
19.564286
18.656817
7.508616
2.920861
9.008768
2.461502
35.330519
6.791369
2.684472
0.412434
16.607308
16.209334
6.662900
1.190610
8.432063
5.965276
18.087624
14.893508
7.255851
3.932210
70.813605
9.682228
18.650103
2.423457
10.635745
0.446767
11.265878
53.195520
7.757503
0.636428
0.503121
7.856022
2.790129
0.378065
22.583406
9.815275
5.462835
36.854676
1.975287
49.947561
6.029266
35.085874
14.778802
28.044377
66.175834
5.443951
51.962779
7.895157
7.791452
6.657634
12.473496
2.678518
12.908634
12.483869
22.961154
28.698577
9.289711
5.760220
4.803307
3.463133
0.950015
6.707702
5.040802
54.299949
13.052590
6.825640
13.897832
2.398228
9.393051
15.746019
10.738972
8.220715
81.456660
33.966240
15.625400
13.480370
15.509178
3.596561
8.044072
0.644147
10.326362
12.530011
4.135146
53.200608
38.430464
20.490393
12.196068
32.639738
2.240195
25.009253
2.133226
25.294436
5.162286
33.540922
46.130489
2.577655
9.938452
63.402435
10.568013
31.868462
14.216145
7.528506
5.385108
3.634889
22.954192
7.818257
11.455300
10.846636
13.776687
32.108237
63.195053
8.376745
28.119484
23.138598
13.635373
49.994203
3.579790
1.851319
30.782211
9.252823
30.033821
35.772317
1.031893
34.392985
9.516566
11.427727
15.761360
41.741983
0.308819
10.365993
18.621786
20.522887
18.870171
2.309967
5.692990
7.108514
26.109980
5.228530
3.785841
50.512462
0.142445
98.061168
18.072798
28.207888
5.584284
0.230700
21.422606
28.746223
21.582506
2.466283
22.401615
23.440054
17.192420
23.246876
29.924683
15.214285
1.484457
10.699264
1.293277
8.375633
8.363848
1.092630
6.863520
1.882494
26.423771
47.208480
1.201034
49.658500
11.829625
5.696875
1.279626
11.110344
25.318158
19.646046
0.824500
1.211133
8.250015
5.599514
4.231457
5.278403
26.032080
42.372682
8.309864
37.850273
6.205831
10.353566
4.099534
16.367591
61.797343
14.800989
7.086039
16.697690
2.098526
35.122535
11.189347
9.546487
14.105004
15.684049
1.191712
18.362348
4.431708
20.025566
27.663691
26.070863
12.865294
11.749171
2.466762
23.891112
5.066292
10.984956
5.351328
2.298755
15.888921
0.893820
22.094239
6.113919
0.002155
11.450511
0.767760
5.171170
19.640039
1.035853
29.255289
0.061236
4.535299
21.608910
6.083078
1.719446
7.146443
5.043994
29.594818
6.014841
24.889235
35.591055
9.101419
38.517025
7.579511
53.222671
1.496484
18.585818
10.893619
7.847189
16.025739
19.470610
0.069965
2.922645
19.974937
17.564302
54.124687
22.903198
48.180913
19.399635
5.662340
1.781430
24.359241
16.531901
0.790170
7.141855
50.270568
11.103197
9.070694
9.790963
3.748945
7.359767
7.387825
0.860405
23.346496
8.619495
27.631725
30.391083
3.811994
17.136895
10.227086
33.945129
3.888249
18.121980
14.973781
5.599763
2.350052
16.872291
21.467100
6.068043
16.562657
8.043892
19.983907
3.554610
35.347702
5.421576
7.336437
0.957562
1.891750
11.606161
4.982695
28.875592
0.236838
7.625210
6.584026
0.312270
2.124957
8.541214
10.863636
8.288014
12.112314
14.467094
0.159574
9.980779
52.966756
11.711282
18.108531
5.980297
23.794914
23.719351
11.786767
59.684441
2.146567
0.273487
23.525825
26.333941
2.049102
4.938849
0.283332
5.554579
23.734887
11.675668
6.845717
7.436801
0.021673
5.702240
16.636081
58.514647
30.043440
0.382045
36.612700
24.460363
24.253422
9.799703
8.120106
5.773584
1.087235
4.145210
4.530621
10.588766
22.017982
10.273481
0.953358
50.641494
45.758067
24.607988
75.962312
12.581132
52.649537
1.257854
7.283246
4.086149
3.487175
2.428112
15.583296
24.322469
13.815317
2.543232
26.666614
16.167632
7.860701
17.940123
4.815627
6.774617
39.916566
5.491218
10.157698
35.336941
19.680762
1.027552
2.549617
0.125960
15.947947
9.497853
2.307005
50.696293
12.068782
4.430898
11.109681
18.211976
1.268834
5.138803
26.318181
9.849052
12.654882
9.073144
0.718283
2.899550
9.436217
3.755069
0.820340
29.690497
63.576018
25.211631
30.762826
4.432668
51.754790
3.508929
48.395925
84.205023
19.901325
63.534558
13.486406
4.807777
9.191493
14.405140
1.214235
15.580314
63.563523
3.373663
25.169319
38.157876
46.033425
51.556347
11.792236
60.571821
22.655540
2.821523
10.367725
20.272372
4.546274
16.373785
17.574620
2.841161
13.321686
23.628394
11.055055
0.194831
0.145273
7.066499
41.701059
4.154364
16.097858
4.018020
6.209942
30.146427
20.882005
1.604186
8.957510
0.473659
10.490236
17.375908
2.018132
5.454737
8.115624
40.318137
79.983297
0.735217
22.901198
7.436413
7.973348
22.456023
40.100000
48.231661
13.770767
7.068784
24.784709
4.624290
13.284525
7.105095
17.103197
4.399390
3.403033
40.063296
1.717866
11.282153
3.992884
0.635328
0.586936
3.082252
32.250896
5.311243
48.079330
13.941930
9.180650
13.883394
11.633830
22.752486
5.311630
6.967790
35.923300
46.836178
35.692900
8.700414
24.252648
10.350472
11.011823
3.664174
14.309740
3.295390
6.445051
30.899678
3.712443
1.181071
1.144067
45.225157
11.313356
8.426188
26.645857
28.909248
6.460050
18.926764
23.593116
17.011182
2.630356
33.384501
12.392998
5.311102
8.860515
0.612721
2.189010
23.207985
0.000186
8.621178
11.827399
0.898937
57.837081
4.101526
5.803059
5.797168
4.190496
0.023599
20.910553
54.505229
4.063696
17.404998
21.670303
30.186836
8.788329
5.773932
6.295679
19.951273
27.153036
3.206738
7.416484
37.154844
26.295654
67.044953
22.454935
7.992770
14.290480
17.308756
1.307273
12.581646
19.768562
2.929719
24.272053
14.024383
48.658968
0.693575
4.933258
14.722928
5.628361
20.051963
22.767684
1.730559
11.539956
11.377412
7.374312
43.231069
28.118315
19.115420
20.046499
9.909908
40.611809
18.977887
20.889065
31.652228
5.124862
26.326921
3.475391
6.778276
6.542186
61.454202
31.066875
19.326079
20.775863
13.211241
47.026808
10.971081
7.661939
2.847575
24.683851
21.214869
7.761357
0.408259
29.221349
0.183739
19.462113
56.242643
9.210416
4.285515
19.525484
27.183514
12.649702
54.597076
0.848822
11.244555
20.279348
31.762456
3.160697
25.751285
12.872665
8.081571
2.259765
32.074779
2.737799
5.932100
5.480871
32.818522
17.870196
25.487697
4.612898
15.687897
13.568620
28.619940
37.846194
0.195700
17.934704
0.851641
12.735594
5.426587
5.862447
6.965518
15.535856
6.504650
21.110082
8.294398
1.132824
24.501850
5.384542
9.071759
18.505485
6.466403
0.931995
7.492461
46.247140
16.423691
17.810479
16.007030
3.550152
8.669738
22.240970
1.710194
5.208420
5.174476
9.050675
62.890114
1.118222
11.700265
3.162823
56.469881
1.924040
8.269526
21.423550
19.508330
8.791085
6.807196
8.109666
4.910409
3.677313
10.556627
5.003267
5.422745
17.109022
55.343257
14.806805
1.281661
1.257483
48.393755
5.644994
1.545355
14.622481
15.635720
16.728948
4.978531
0.243616
53.645543
4.621976
18.033486
19.621124
15.066041
6.004579
5.059417
14.567654
32.170071
46.919231
1.791106
2.691454
46.330212
21.341370
34.328457
3.623036
14.171636
19.324459
18.236544
8.392079
0.248234
13.991868
4.669217
9.572790
50.562548
8.147506
29.301476
3.342735
17.858346
60.361016
1.719459
0.133676
9.094790
1.555200
22.077641
39.356932
9.107172
4.789849
9.117985
20.565692
0.145526
14.244276
15.201353
16.244004
4.433616
20.031165
1.533455
3.555710
33.590396
21.474795
0.221454
4.568311
3.861052
5.053055
4.550939
1.033065
9.827617
21.112142
14.932212
17.878444
1.354104
48.415999
29.171193
26.163504
27.704225
43.180019
12.573113
3.575938
15.346487
21.731491
21.425529
11.791881
1.134636
7.420857
40.565719
14.050395
12.366546
5.010263
7.353223
36.113543
17.568026
24.772509
9.692306
15.918731
4.568467
19.557492
8.926713
9.349991
16.766204
44.052265
1.058345
27.864051
5.533639
9.389474
0.354512
5.730727
11.174777
0.925050
10.807926
41.900999
1.781936
23.132683
8.433206
17.035432
4.822798
2.779986
2.798468
1.169597
3.285776
17.460756
34.151234
26.922953
18.489746
1.872307
5.461544
5.932541
4.601995
11.577889
12.270553
7.062932
6.986071
28.215940
24.916576
5.885989
39.215217
48.858874
6.330040
7.001821
11.271671
45.316282
33.440850
1.731486
7.980528
12.896439
11.190909
3.448027
31.323148
18.078714
29.113496
31.317200
22.075829
9.254558
15.088183
2.796616
17.916333
3.160651
18.944087
4.173488
2.000874
2.890629
0.031906
20.295591
21.092254
11.575504
2.815633
1.396040
0.309029
2.899520
35.441327
4.423377
6.998014
1.781082
4.023892
11.717680
14.973804
4.504068
0.951451
7.935856
4.269418
3.966234
51.447228
15.326329
13.022578
8.599508
8.964297
12.455970
19.074279
19.378435
3.013960
11.093963
8.495313
32.708522
15.969513
12.165834
1.961819
14.887772
1.994576
6.580671
2.466128
18.846314
3.695830
7.957586
36.163874
3.656858
11.342087
8.695555
0.292645
25.181898
1.144725
10.287024
13.160373
15.840136
18.668458
4.672877
0.160462
20.565452
12.274095
28.937709
27.560663
29.657426
10.620355
6.494525
25.089527
9.603083
3.242521
30.893478
34.269227
10.047035
1.259493
7.851822
26.036552
37.127754
3.639903
1.109149
33.574787
7.893141
12.485829
55.105250
1.102139
16.720447
1.231918
7.532067
26.059118
9.091667
93.949655
13.101518
6.197968
3.977666
6.905345
7.457034
1.139016
7.381757
9.985059
20.524664
17.107783
19.738032
0.134382
3.927605
17.340412
10.586047
0.085242
26.114680
23.711468
12.720014
1.100400
23.274202
14.022108
24.369226
22.292910
25.992993
11.677246
2.419205
17.794821
15.501306
21.692440
2.978980
3.470115
35.376076
22.179289
38.215254
22.748445
14.547267
16.987203
35.190051
13.834617
16.011781
2.722684
10.276869
20.162885
5.056047
3.615444
6.026003
4.422613
3.871364
8.850014
38.147407
11.317874
3.330510
1.281526
19.059862
7.720963
27.600359
17.237948
25.453113
5.078082
18.861144
4.905750
44.768075
16.186083
6.277113
5.024677
3.389850
18.980272
3.949057
14.473877
4.918213
17.353880
26.993179
24.083066
22.890718
3.326610
1.480600
19.207600
7.350647
9.059898
0.506313
4.808526
0.548104
33.816020
4.462659
13.039150
0.636150
17.586474
6.241990
36.511848
35.044996
6.295572
36.995848
88.986836
27.925558
29.816008
4.581780
13.754877
1.113991
1.595675
108.892020
6.327585
22.064900
26.293298
31.233474
96.706355
4.422526
0.659000
8.474469
2.229677
0.362899
7.151268
24.500253
13.362035
6.001566
16.996887
4.223827
0.231774
23.126752
15.639729
22.988111
0.635462
29.035828
15.461407
13.259635
15.676809
31.972658
14.146463
13.916255
74.808035
22.617344
9.342768
19.663017
7.888570
4.158486
14.535220
42.137944
42.352678
6.694502
12.001491
3.804724
86.931939
63.512661
16.774721
26.108086
20.089882
14.389295
0.877180
9.704595
17.972364
18.108003
7.472069
45.472252
2.930405
11.101861
18.784617
19.111532
16.735056
5.151700
2.717561
16.167000
14.632761
3.162654
19.540027
9.716562
17.630391
29.060154
2.976039
0.309288
24.160910
15.053328
19.244353
29.137857
25.977477
51.874371
12.283693
10.726386
8.223615
2.669933
13.600830
5.189814
40.675321
14.002028
14.376792
7.014211
0.854233
0.516136
8.807904
1.413701
14.936901
34.054479
34.317657
17.216096
3.796525
31.804020
34.758028
3.503508
21.395563
5.401604
25.963638
94.268224
0.487776
36.425355
15.592489
58.019054
10.008101
30.077697
1.030809
6.534207
1.109885
59.243198
27.170025
30.627978
44.480964
1.423109
7.793683
1.178946
3.787628
4.168663
10.131123
5.003889
1.703166
2.932982
2.549101
57.836269
22.786765
54.953485
9.269683
5.219850
25.615042
6.318432
5.692711
4.233994
2.222290
4.741389
7.024013
17.933442
1.033723
3.781828
26.489690
2.542467
6.712501
31.999315
2.693284
1.381774
10.603067
5.762198
13.260112
26.058331
2.360203
13.906663
11.267613
2.489231
15.650594
5.115362
10.705714
1.373673
9.846659
5.855222
27.649851
0.938663
8.677261
9.812569
20.656100
13.663860
17.604010
24.012873
31.711576
6.027139
12.355833
29.332115
72.827786
35.246633
7.429875
3.473918
10.754467
21.654511
10.854315
10.560997
29.145317
7.175727
31.434357
8.355708
6.365502
9.681885
22.997830
2.154836
3.498841
48.400872
3.087488
13.419179
13.853915
10.761736
16.558722
4.178236
12.871063
7.447857
17.339607
2.435946
13.536203
3.278383
5.225939
3.948938
3.230682
27.952643
5.383405
41.903887
56.065788
13.550491
2.469099
7.508497
25.570608
7.326437
1.456612
13.019202
29.841762
25.428392
3.080339
17.873209
3.985729
3.938655
33.152691
4.595852
4.888049
0.010458
32.726089
25.169296
15.792946
22.197728
2.638911
9.809384
6.922571
1.575509
10.652575
40.560276
0.654137
5.512801
3.721831
4.352019
38.251221
10.099866
10.046725
22.872284
2.685086
10.687949
8.993488
14.537554
123.576472
23.476524
8.116396
28.122650
2.994934
0.494998
3.659513
6.658227
11.432573
15.277559
38.635177
11.408832
11.131228
0.824786
0.568568
12.817419
9.225141
29.239552
2.802604
0.404620
9.537453
4.337994
0.814199
20.632392
1.893205
14.996941
5.279410
3.048809
7.642162
25.867089
7.963749
22.230043
2.145397
23.708781
4.326558
18.101133
13.347321
42.353852
7.838666
1.095291
0.309461
28.058343
11.902145
23.883842
4.274062
6.771967
0.489061
52.110363
17.635560
43.298054
4.936966
15.125895
18.156122
6.113049
30.153499
47.048232
34.585026
21.495864
5.199824
5.292017
52.905976
0.165404
20.143312
19.600210
15.594991
73.857831
5.980659
6.647565
1.315671
9.357243
4.840368
6.730560
28.787487
43.853600
3.287473
7.456413
42.238169
1.020818
1.550529
2.842904
14.470302
2.609195
55.110546
9.470099
11.139004
4.531789
10.187067
17.351262
22.256224
22.430202
13.799872
37.554589
27.208005
22.638270
0.915381
0.110428
3.821199
17.427636
8.474631
8.237506
34.547797
36.146717
38.381178
6.027199
18.793514
5.071208
3.383587
3.265861
6.699423
8.992713
28.440894
2.043354
21.243931
12.129967
5.433610
10.862216
5.705475
14.504692
9.102168
2.873790
1.983328
12.659066
37.232181
6.744480
21.128112
17.198083
42.907576
27.524215
13.377701
17.121820
36.585257
8.160383
6.331279
0.173919
28.029954
25.829656
1.765156
13.760736
9.977392
2.021880
63.053532
3.866948
1.113618
14.455863
21.483587
0.527702
17.200722
12.158574
1.743918
3.030000
13.428323
5.623760
44.571621
27.325185
65.735621
4.810566
55.958205
9.028575
6.831567
0.826581
0.867333
18.843073
9.797732
4.109721
15.229456
4.664003
13.790044
7.120825
27.755686
27.498776
10.381504
6.912702
7.204717
26.214827
6.364225
3.752518
1.415851
10.058532
10.528561
29.412433
4.000811
7.674175
26.438006
27.762160
7.768013
9.833044
5.782082
43.143056
2.020694
43.428978
18.425449
12.133971
0.531268
10.327892
8.381172
2.812887
17.092881
56.730828
13.215481
20.070412
1.134494
8.651405
1.979261
15.180851
44.614849
17.344832
1.278603
7.007801
12.799727
8.258980
28.698004
26.969963
15.141032
7.480630
4.717163
1.790543
7.013542
8.528390
18.023446
17.174592
1.162992
8.047289
3.209962
2.729059
28.099388
0.685104
8.693109
2.946682
33.835160
13.028431
4.210551
11.168217
21.037657
50.766390
3.984533
34.770442
43.563504
39.711321
16.143901
15.900283
8.259057
22.334915
12.124474
18.103362
8.950674
21.038259
27.839263
2.533361
28.629451
12.434778
29.794833
9.030484
7.623830
39.453100
4.627877
29.748180
10.587014
11.547889
5.901540
13.617122
6.293688
0.640980
5.079237
0.102392
61.327535
53.983796
8.044537
20.853081
6.789624
17.791692
26.191416
46.925996
8.178872
24.467713
4.946380
74.223444
0.417719
14.802430
17.237724
18.638370
2.052382
44.627240
3.198320
15.597699
4.030370
5.872602
12.650698
8.638399
2.793952
2.999335
8.664538
22.653745
36.518975
1.406053
7.990363
1.690134
0.267707
17.342039
14.758931
2.847265
4.261261
0.383893
28.823838
58.825268
2.328915
4.212519
32.448970
41.759639
8.705359
0.831180
0.643019
13.651172
7.984859
0.465135
14.004392
0.181870
24.771375
5.854515
0.657453
14.201395
8.111580
58.272186
12.571172
5.150617
19.775060
5.068107
37.535113
7.512942
12.771450
0.830348
8.885394
28.575321
26.209416
4.064214
4.100569
27.199022
42.639488
1.603508
9.567098
6.586651
32.728491
1.395526
3.794378
22.339468
0.842499
10.853253
9.337410
6.513091
8.029122
12.078339
2.815720
13.577959
26.191604
22.844594
2.673882
2.586181
4.995408
7.167484
8.400296
18.215817
0.933603
0.564609
7.958933
19.113006
3.439539
16.413426
4.813966
34.756999
36.166200
5.644912
4.181706
8.477525
4.402185
17.854602
27.985149
17.889230
27.828231
8.093201
2.719655
21.427577
7.152461
17.800337
5.049492
1.355505
78.461092
2.717465
71.336986
60.552107
25.263944
17.233823
13.796685
32.170777
5.467219
10.088204
15.455680
8.474441
8.923502
6.414441
13.290318
30.415320
3.600894
43.594934
18.691908
27.730405
12.997765
24.190933
0.261329
27.293456
0.655466
35.303804
77.178687
5.571770
3.778010
23.195475
4.667606
32.106480
1.736383
2.153978
61.927615
17.925821
30.025289
6.272793
18.056095
14.431967
14.787155
18.358075
13.704185
8.967605
5.165714
23.416429
4.104567
18.860904
4.251240
15.707362
21.994803
3.949022
0.989041
2.246111
14.902347
30.294978
0.736650
21.197244
6.680246
10.417607
42.289587
6.454791
10.017896
0.220430
1.361934
4.787258
0.451960
15.967621
8.893122
12.710310
3.071109
5.614086
17.441950
53.777505
0.827714
35.372398
13.761637
13.278857
11.099270
1.150710
1.506806
14.697174
6.671502
39.874394
8.349930
2.474333
20.068481
5.555594
11.926897
19.148396
36.883675
25.138189
18.050029
18.212618
46.678028
5.611633
0.017803
5.078269
3.932186
17.347522
16.069348
14.401222
0.262029
20.877085
6.253885
17.500670
13.011749
6.714589
2.312576
1.586855
28.494853
40.094334
16.787468
1.746936
8.227361
20.886594
24.213022
2.012978
0.000492
19.924332
7.055724
4.698802
0.207702
12.434878
30.477138
50.581657
13.345972
11.559941
1.422285
12.736095
7.648033
14.948639
7.875369
4.397288
1.596511
6.051478
1.626232
3.114782
69.904072
9.394772
12.144208
33.095206
86.705720
13.983752
26.781389
6.334757
5.838631
8.245472
17.860630
18.340910
6.058977
2.287335
16.011995
2.197434
13.822684
18.916536
19.296211
22.404482
32.999390
11.089043
20.964107
15.446550
3.305302
0.416406
5.357304
9.364009
15.359951
30.349582
3.495387
2.146559
52.958301
1.829426
10.416462
14.093377
12.472338
1.439358
0.939481
1.783550
14.094302
12.576305
4.259756
16.247798
27.442776
0.679490
11.030625
18.703376
4.652310
5.885413
15.215684
36.514373
26.565336
13.999702
20.962477
7.261612
16.389390
10.043193
3.370275
19.356542
13.007644
7.106170
38.766997
0.338501
6.071452
0.937012
23.275043
19.376359
6.439965
18.015550
8.065235
22.586044
9.687564
8.504067
43.667544
4.621678
2.053469
14.054023
55.747254
7.592908
1.024712
6.631414
11.281303
2.826325
17.171896
97.544857
9.616075
7.009347
8.191999
1.957325
34.366761
8.573527
7.837410
17.246386
9.335299
16.716601
1.014643
26.888357
45.149526
16.740814
49.463888
2.627287
10.383518
14.733085
13.946304
8.212238
6.601876
2.169891
7.954510
2.840417
21.210154
3.747898
0.965605
12.860474
14.470970
32.880737
13.765434
6.781671
25.993790
12.434164
1.321594
13.349864
38.178693
8.075181
5.623037
2.477845
2.627536
9.071888
14.488771
1.344812
44.899940
22.512682
14.134360
28.205032
1.337354
10.365853
15.912064
28.225024
24.480386
5.191069
45.251022
2.124545
33.288177
56.614419
3.119770
20.485949
0.657911
8.318476
11.620094
13.904608
43.966275
