# Poisson Arrival Times Generated
# Generated on: 2025-10-16 07:08:23
# Arrival time: 0.25 seconds (avg inter-arrival time)
# QPS: 4.0000 queries per second
# Number of queries: 500
# Random seed: 42
# Format: One delay value per line (seconds)
#
0.117317
0.752530
0.329186
0.228236
0.042406
0.042399
0.014960
0.502808
0.229771
0.307813
0.005200
0.875889
0.446607
0.059672
0.050170
0.050653
0.090688
0.185982
0.141384
0.086056
0.236593
0.037559
0.086379
0.114069
0.152234
0.384484
0.055684
0.180507
0.224376
0.011891
0.233833
0.046740
0.016816
0.743422
0.842658
0.413083
0.090822
0.025694
0.288188
0.145023
0.032538
0.170887
0.008748
0.600106
0.074864
0.271564
0.093387
0.183528
0.197806
0.051097
0.873202
0.373061
0.701274
0.563038
0.227764
0.637359
0.023164
0.054534
0.011570
0.098383
0.123033
0.079140
0.441139
0.110307
0.082451
0.195602
0.037975
0.405121
0.019369
1.083537
0.369871
0.055385
0.001384
0.422474
0.306774
0.326416
0.368804
0.019232
0.110973
0.030788
0.497132
0.244075
0.100455
0.016417
0.093122
0.098329
0.326969
0.253722
0.545563
0.159767
0.031843
0.312282
0.357598
0.205972
0.368472
0.170204
0.184920
0.139454
0.006437
0.028542
0.007983
0.252932
0.094349
0.177609
0.595316
0.071685
0.132070
0.352187
0.064951
0.020026
0.085535
0.043952
0.663738
0.412722
0.250874
0.512880
0.406992
0.051624
0.557703
0.193775
0.411837
0.566061
0.095683
0.029148
0.064672
0.139264
0.425957
0.492836
0.001744
0.178719
0.135068
0.062792
0.031920
0.102977
0.715780
0.097596
0.182863
0.303522
0.112994
0.891950
0.820502
0.072515
0.171915
0.089483
0.083812
0.009396
0.235123
0.174630
0.013213
0.081656
0.597215
0.068465
0.039133
0.168068
1.061009
0.069286
0.278789
0.358472
0.067833
0.325687
0.114631
0.250126
0.250959
0.191846
0.023657
0.450911
0.096703
0.051608
0.010407
0.223445
0.282963
0.004182
0.179408
0.064206
0.259031
0.047901
0.293553
0.122240
0.690086
0.036986
0.104283
0.030111
0.646548
0.524583
0.074582
0.269691
0.424871
0.202533
0.188570
0.069219
0.024432
0.568781
0.576694
0.250667
0.103512
0.107392
0.323616
0.568524
0.545283
0.378391
0.256828
0.021973
0.044074
0.572058
0.233123
0.002310
0.026749
0.272291
0.001269
0.043829
0.198924
0.294329
0.263860
0.063487
0.311354
0.067706
0.098409
0.343089
0.262193
0.472989
0.267953
0.210011
0.024589
0.114604
0.077040
0.069925
0.903077
0.124847
0.556514
0.249334
0.395956
0.174609
0.215039
0.169573
0.054304
0.320440
0.082394
0.006154
0.259242
0.048733
0.705271
0.769391
0.615877
0.115572
0.003894
0.658881
0.139735
0.850211
0.828434
0.479347
0.087194
0.121573
0.476182
0.095287
0.046430
0.203434
0.687823
0.297706
0.211028
0.025557
0.238633
1.152642
0.037730
0.182624
0.524652
0.337509
0.298519
0.303072
0.111373
0.086891
0.414344
0.415332
0.504488
0.611154
0.179023
0.174046
0.400237
0.262430
0.302638
0.397155
0.551831
0.103121
0.117734
0.024674
0.215854
0.009151
0.156652
0.195574
0.084408
0.223408
0.007744
0.009516
0.432338
0.111646
0.033972
0.184663
0.367412
0.060780
0.243805
0.022303
0.013266
0.189477
0.194478
0.253634
0.323740
0.930889
0.181573
0.097505
0.396413
0.078963
0.144496
0.020426
0.006419
0.821845
0.451942
0.297661
0.131465
0.047577
0.042530
0.072001
0.199198
0.313462
0.269848
0.082103
0.774526
0.334754
0.202058
0.236508
0.136009
0.071165
0.110004
0.354545
0.003625
0.030845
0.011774
0.010395
0.483551
0.304060
0.160696
0.025739
0.169129
0.160363
0.047549
0.142225
0.127084
0.239181
0.252029
0.011591
0.117346
0.245781
0.174860
0.485337
0.268744
0.044463
0.018296
0.257099
0.006717
0.220337
0.704314
0.214196
0.122825
0.257707
0.153239
0.197204
0.709532
0.121982
0.812273
0.589394
0.054474
0.017971
0.026556
0.004597
0.024801
0.287219
0.018462
0.096039
0.465882
0.005887
0.421133
0.082771
0.031438
0.298289
0.247850
0.524854
0.332073
0.406749
0.082833
0.048833
0.347189
0.411052
1.164251
0.133020
0.116311
0.374489
0.104183
0.667534
0.488710
0.140089
0.347446
0.351158
0.027209
0.582111
0.175927
0.437833
0.096434
0.564698
0.123247
0.002724
0.589477
0.023931
0.096163
0.749243
0.751987
0.212999
0.249808
0.148754
0.086756
0.099622
0.279081
0.348959
0.392049
0.389708
0.023909
0.170512
0.014820
0.199365
0.145639
0.546655
0.108048
0.031126
0.038577
0.358358
0.240726
0.026652
0.021964
0.301802
0.018887
0.431296
0.306250
0.021212
0.022163
1.078865
0.117209
0.115764
0.418894
0.735541
1.067193
0.349975
0.118005
0.021798
0.375311
0.204340
0.138008
0.592059
0.029470
0.169626
0.002855
0.158089
0.014488
0.031623
0.031257
0.261892
0.342649
0.218888
0.818680
0.117449
0.084117
0.507376
0.063271
0.825718
0.003057
0.875632
0.011030
0.554430
0.187536
1.239207
0.019165
0.201777
0.870894
0.185111
0.248157
0.297475
0.151532
0.246919
0.219456
0.578558
0.011628
0.082461
0.750999
0.552419
0.152044
0.241983
0.081218
0.052101
0.155765
0.108988
0.219061
0.020231
0.916240
1.070966
