# Poisson Arrival Times Generated
# Generated on: 2025-10-16 07:08:23
# Arrival time: 0.0625 seconds (avg inter-arrival time)
# QPS: 16.0000 queries per second
# Number of queries: 500
# Random seed: 42
# Format: One delay value per line (seconds)
#
0.029329
0.188133
0.082297
0.057059
0.010602
0.010600
0.003740
0.125702
0.057443
0.076953
0.001300
0.218972
0.111652
0.014918
0.012542
0.012663
0.022672
0.046495
0.035346
0.021514
0.059148
0.009390
0.021595
0.028517
0.038058
0.096121
0.013921
0.045127
0.056094
0.002973
0.058458
0.011685
0.004204
0.185855
0.210664
0.103271
0.022705
0.006424
0.072047
0.036256
0.008135
0.042722
0.002187
0.150026
0.018716
0.067891
0.023347
0.045882
0.049451
0.012774
0.218300
0.093265
0.175318
0.140759
0.056941
0.159340
0.005791
0.013633
0.002893
0.024596
0.030758
0.019785
0.110285
0.027577
0.020613
0.048900
0.009494
0.101280
0.004842
0.270884
0.092468
0.013846
0.000346
0.105619
0.076693
0.081604
0.092201
0.004808
0.027743
0.007697
0.124283
0.061019
0.025114
0.004104
0.023281
0.024582
0.081742
0.063431
0.136391
0.039942
0.007961
0.078070
0.089400
0.051493
0.092118
0.042551
0.046230
0.034863
0.001609
0.007135
0.001996
0.063233
0.023587
0.044402
0.148829
0.017921
0.033018
0.088047
0.016238
0.005007
0.021384
0.010988
0.165934
0.103180
0.062718
0.128220
0.101748
0.012906
0.139426
0.048444
0.102959
0.141515
0.023921
0.007287
0.016168
0.034816
0.106489
0.123209
0.000436
0.044680
0.033767
0.015698
0.007980
0.025744
0.178945
0.024399
0.045716
0.075880
0.028248
0.222987
0.205126
0.018129
0.042979
0.022371
0.020953
0.002349
0.058781
0.043657
0.003303
0.020414
0.149304
0.017116
0.009783
0.042017
0.265252
0.017322
0.069697
0.089618
0.016958
0.081422
0.028658
0.062531
0.062740
0.047962
0.005914
0.112728
0.024176
0.012902
0.002602
0.055861
0.070741
0.001045
0.044852
0.016052
0.064758
0.011975
0.073388
0.030560
0.172521
0.009247
0.026071
0.007528
0.161637
0.131146
0.018645
0.067423
0.106218
0.050633
0.047142
0.017305
0.006108
0.142195
0.144173
0.062667
0.025878
0.026848
0.080904
0.142131
0.136321
0.094598
0.064207
0.005493
0.011018
0.143014
0.058281
0.000577
0.006687
0.068073
0.000317
0.010957
0.049731
0.073582
0.065965
0.015872
0.077839
0.016926
0.024602
0.085772
0.065548
0.118247
0.066988
0.052503
0.006147
0.028651
0.019260
0.017481
0.225769
0.031212
0.139128
0.062333
0.098989
0.043652
0.053760
0.042393
0.013576
0.080110
0.020599
0.001539
0.064811
0.012183
0.176318
0.192348
0.153969
0.028893
0.000974
0.164720
0.034934
0.212553
0.207108
0.119837
0.021799
0.030393
0.119045
0.023822
0.011607
0.050859
0.171956
0.074427
0.052757
0.006389
0.059658
0.288161
0.009433
0.045656
0.131163
0.084377
0.074630
0.075768
0.027843
0.021723
0.103586
0.103833
0.126122
0.152788
0.044756
0.043512
0.100059
0.065607
0.075659
0.099289
0.137958
0.025780
0.029434
0.006169
0.053963
0.002288
0.039163
0.048893
0.021102
0.055852
0.001936
0.002379
0.108084
0.027912
0.008493
0.046166
0.091853
0.015195
0.060951
0.005576
0.003317
0.047369
0.048619
0.063409
0.080935
0.232722
0.045393
0.024376
0.099103
0.019741
0.036124
0.005107
0.001605
0.205461
0.112985
0.074415
0.032866
0.011894
0.010633
0.018000
0.049799
0.078366
0.067462
0.020526
0.193631
0.083689
0.050514
0.059127
0.034002
0.017791
0.027501
0.088636
0.000906
0.007711
0.002943
0.002599
0.120888
0.076015
0.040174
0.006435
0.042282
0.040091
0.011887
0.035556
0.031771
0.059795
0.063007
0.002898
0.029337
0.061445
0.043715
0.121334
0.067186
0.011116
0.004574
0.064275
0.001679
0.055084
0.176078
0.053549
0.030706
0.064427
0.038310
0.049301
0.177383
0.030495
0.203068
0.147349
0.013619
0.004493
0.006639
0.001149
0.006200
0.071805
0.004616
0.024010
0.116470
0.001472
0.105283
0.020693
0.007859
0.074572
0.061962
0.131213
0.083018
0.101687
0.020708
0.012208
0.086797
0.102763
0.291063
0.033255
0.029078
0.093622
0.026046
0.166884
0.122177
0.035022
0.086862
0.087790
0.006802
0.145528
0.043982
0.109458
0.024108
0.141174
0.030812
0.000681
0.147369
0.005983
0.024041
0.187311
0.187997
0.053250
0.062452
0.037188
0.021689
0.024905
0.069770
0.087240
0.098012
0.097427
0.005977
0.042628
0.003705
0.049841
0.036410
0.136664
0.027012
0.007782
0.009644
0.089589
0.060182
0.006663
0.005491
0.075451
0.004722
0.107824
0.076562
0.005303
0.005541
0.269716
0.029302
0.028941
0.104723
0.183885
0.266798
0.087494
0.029501
0.005450
0.093828
0.051085
0.034502
0.148015
0.007368
0.042407
0.000714
0.039522
0.003622
0.007906
0.007814
0.065473
0.085662
0.054722
0.204670
0.029362
0.021029
0.126844
0.015818
0.206429
0.000764
0.218908
0.002757
0.138608
0.046884
0.309802
0.004791
0.050444
0.217723
0.046278
0.062039
0.074369
0.037883
0.061730
0.054864
0.144640
0.002907
0.020615
0.187750
0.138105
0.038011
0.060496
0.020305
0.013025
0.038941
0.027247
0.054765
0.005058
0.229060
0.267742
