# Poisson Arrival Times Generated
# Generated on: 2025-10-16 07:08:23
# Arrival time: 0.5 seconds (avg inter-arrival time)
# QPS: 2.0000 queries per second
# Number of queries: 500
# Random seed: 42
# Format: One delay value per line (seconds)
#
0.234634
1.505061
0.658373
0.456471
0.084812
0.084798
0.029919
1.005615
0.459541
0.615625
0.010400
1.751779
0.893215
0.119344
0.100339
0.101306
0.181377
0.371964
0.282769
0.172111
0.473185
0.075117
0.172758
0.228139
0.304467
0.768968
0.111368
0.361015
0.448752
0.023782
0.467667
0.093481
0.033632
1.486844
1.685315
0.826166
0.181644
0.051389
0.576375
0.290045
0.065076
0.341774
0.017497
1.200211
0.149729
0.543128
0.186773
0.367055
0.395612
0.102194
1.746404
0.746123
1.402547
1.126076
0.455527
1.274718
0.046328
0.109067
0.023141
0.196766
0.246065
0.158280
0.882279
0.220613
0.164901
0.391204
0.075949
0.810242
0.038738
2.167073
0.739742
0.110770
0.002769
0.844948
0.613548
0.652831
0.737607
0.038465
0.221946
0.061575
0.994265
0.488151
0.200909
0.032834
0.186244
0.196657
0.653938
0.507445
1.091126
0.319533
0.063686
0.624563
0.715196
0.411944
0.736945
0.340407
0.369839
0.278907
0.012874
0.057084
0.015967
0.505865
0.188698
0.355219
1.190633
0.143369
0.264141
0.704375
0.129903
0.040052
0.171070
0.087904
1.327475
0.825444
0.501747
1.025760
0.813984
0.103248
1.115407
0.387550
0.823674
1.132121
0.191365
0.058296
0.129343
0.278529
0.851915
0.985672
0.003488
0.357438
0.270137
0.125584
0.063840
0.205954
1.431561
0.195192
0.365726
0.607043
0.225987
1.783899
1.641005
0.145031
0.343830
0.178965
0.167625
0.018792
0.470246
0.349260
0.026426
0.163313
1.194430
0.136930
0.078265
0.336136
2.122018
0.138572
0.557578
0.716944
0.135667
0.651374
0.229261
0.500252
0.501919
0.383693
0.047315
0.901822
0.193405
0.103216
0.020815
0.446889
0.565926
0.008363
0.358815
0.128412
0.518062
0.095802
0.587106
0.244479
1.380172
0.073972
0.208566
0.060222
1.293095
1.049167
0.149164
0.539381
0.849742
0.405066
0.377140
0.138439
0.048863
1.137562
1.153387
0.501335
0.207023
0.214784
0.647233
1.137049
1.090566
0.756781
0.513655
0.043946
0.088147
1.144115
0.466247
0.004620
0.053498
0.544581
0.002537
0.087658
0.397849
0.588658
0.527721
0.126975
0.622709
0.135412
0.196817
0.686179
0.524387
0.945978
0.535907
0.420022
0.049179
0.229208
0.154080
0.139850
1.806155
0.249694
1.113028
0.498667
0.791913
0.349218
0.430078
0.339147
0.108607
0.640881
0.164789
0.012308
0.518484
0.097467
1.410542
1.538781
1.231755
0.231144
0.007789
1.317762
0.279469
1.700421
1.656868
0.958694
0.174388
0.243146
0.952363
0.190573
0.092859
0.406868
1.375647
0.595413
0.422056
0.051114
0.477265
2.305285
0.075460
0.365248
1.049304
0.675017
0.597037
0.606144
0.222746
0.173781
0.828687
0.830664
1.008975
1.222308
0.358047
0.348092
0.800475
0.524860
0.605275
0.794310
1.103662
0.206241
0.235468
0.049348
0.431707
0.018302
0.313303
0.391147
0.168815
0.446816
0.015488
0.019032
0.864676
0.223293
0.067945
0.369327
0.734824
0.121559
0.487610
0.044606
0.026533
0.378954
0.388955
0.507269
0.647480
1.861779
0.363146
0.195010
0.792827
0.157926
0.288992
0.040853
0.012839
1.643690
0.903884
0.595321
0.262930
0.095153
0.085060
0.144003
0.398395
0.626925
0.539695
0.164206
1.549052
0.669509
0.404115
0.473015
0.272019
0.142331
0.220007
0.709091
0.007249
0.061690
0.023547
0.020791
0.967102
0.608120
0.321392
0.051478
0.338259
0.320725
0.095097
0.284450
0.254168
0.478361
0.504057
0.023181
0.234692
0.491562
0.349720
0.970675
0.537487
0.088926
0.036591
0.514197
0.013435
0.440674
1.408628
0.428391
0.245650
0.515414
0.306478
0.394407
1.419064
0.243964
1.624546
1.178788
0.108948
0.035942
0.053113
0.009195
0.049603
0.574437
0.036925
0.192079
0.931763
0.011774
0.842265
0.165542
0.062875
0.596578
0.495700
1.049708
0.664147
0.813498
0.165667
0.097667
0.694378
0.822105
2.328502
0.266040
0.232622
0.748977
0.208367
1.335069
0.977420
0.280178
0.694892
0.702316
0.054419
1.164223
0.351854
0.875666
0.192868
1.129395
0.246494
0.005448
1.178954
0.047863
0.192327
1.498486
1.503975
0.425999
0.499615
0.297507
0.173511
0.199243
0.558162
0.697919
0.784098
0.779416
0.047818
0.341025
0.029641
0.398731
0.291278
1.093309
0.216096
0.062253
0.077154
0.716715
0.481453
0.053304
0.043928
0.603604
0.037773
0.862593
0.612500
0.042424
0.044327
2.157729
0.234419
0.231528
0.837788
1.471082
2.134387
0.699950
0.236010
0.043597
0.750621
0.408680
0.276017
1.184119
0.058940
0.339253
0.005709
0.316177
0.028975
0.063245
0.062513
0.523784
0.685299
0.437777
1.637360
0.234898
0.168235
1.014751
0.126541
1.651435
0.006114
1.751263
0.022059
1.108861
0.375072
2.478414
0.038331
0.403555
1.741788
0.370222
0.496314
0.594951
0.303064
0.493837
0.438913
1.157116
0.023256
0.164921
1.501998
1.104838
0.304088
0.483967
0.162437
0.104202
0.311529
0.217977
0.438122
0.040461
1.832480
2.141933
