# Poisson Arrival Times Generated
# Generated on: 2025-10-16 07:08:23
# Arrival time: 1 seconds (avg inter-arrival time)
# QPS: 1.0000 queries per second
# Number of queries: 500
# Random seed: 42
# Format: One delay value per line (seconds)
#
0.469268
3.010121
1.316746
0.912943
0.169625
0.169596
0.059839
2.011231
0.919082
1.231250
0.020799
3.503557
1.786430
0.238688
0.200679
0.202611
0.362754
0.743928
0.565537
0.344223
0.946371
0.150235
0.345516
0.456277
0.608935
1.537936
0.222736
0.722029
0.897505
0.047564
0.935333
0.186961
0.067264
2.973688
3.370630
1.652332
0.363288
0.102777
1.152751
0.580091
0.130152
0.683547
0.034994
2.400423
0.299458
1.086256
0.373547
0.734111
0.791224
0.204389
3.492807
1.492245
2.805094
2.252152
0.911054
2.549435
0.092655
0.218135
0.046282
0.393532
0.492130
0.316560
1.764558
0.441227
0.329803
0.782407
0.151898
1.620484
0.077476
4.334146
1.479484
0.221539
0.005537
1.689897
1.227096
1.305663
1.475215
0.076929
0.443893
0.123150
1.988530
0.976301
0.401819
0.065668
0.372488
0.393314
1.307876
1.014889
2.182252
0.639066
0.127372
1.249126
1.430393
0.823887
1.473890
0.680815
0.739679
0.557814
0.025748
0.114167
0.031934
1.011730
0.377397
0.710437
2.381266
0.286739
0.528282
1.408749
0.259805
0.080104
0.342140
0.175808
2.654950
1.650887
1.003494
2.051520
1.627969
0.206495
2.230813
0.775100
1.647348
2.264243
0.382731
0.116592
0.258687
0.557058
1.703830
1.971345
0.006976
0.714876
0.540273
0.251167
0.127680
0.411909
2.863121
0.390384
0.731453
1.214087
0.451974
3.567798
3.282010
0.290061
0.687659
0.357930
0.335250
0.037584
0.940492
0.698520
0.052851
0.326626
2.388861
0.273861
0.156531
0.672272
4.244037
0.277145
1.115155
1.433888
0.271333
1.302749
0.458523
1.000504
1.003838
0.767385
0.094629
1.803645
0.386810
0.206432
0.041630
0.893778
1.131852
0.016727
0.717631
0.256824
1.036124
0.191604
1.174213
0.488959
2.760344
0.147944
0.417132
0.120444
2.586190
2.098334
0.298327
1.078763
1.699484
0.810132
0.754279
0.276877
0.097726
2.275123
2.306774
1.002670
0.414047
0.429568
1.294465
2.274097
2.181133
1.513562
1.027311
0.087892
0.176294
2.288231
0.932494
0.009240
0.106997
1.089162
0.005074
0.175316
0.795698
1.177315
1.055441
0.253950
1.245417
0.270824
0.393635
1.372358
1.048774
1.891956
1.071813
0.840044
0.098357
0.458416
0.308160
0.279700
3.612309
0.499387
2.226055
0.997334
1.583825
0.698435
0.860156
0.678293
0.217215
1.281762
0.329577
0.024616
1.036969
0.194934
2.821083
3.077562
2.463510
0.462287
0.015577
2.635523
0.558938
3.400842
3.313735
1.917387
0.348776
0.486292
1.904727
0.381146
0.185719
0.813737
2.751293
1.190826
0.844112
0.102228
0.954531
4.610570
0.150921
0.730495
2.098609
1.350034
1.194074
1.212288
0.445492
0.347562
1.657375
1.661328
2.017950
2.444616
0.716093
0.696184
1.600950
1.049719
1.210551
1.588619
2.207323
0.412482
0.470937
0.098696
0.863414
0.036604
0.626607
0.782295
0.337631
0.893633
0.030975
0.038063
1.729351
0.446585
0.135889
0.738654
1.469648
0.243118
0.975220
0.089211
0.053065
0.757909
0.777910
1.014537
1.294961
3.723557
0.726291
0.390020
1.585654
0.315851
0.577983
0.081705
0.025678
3.287380
1.807768
1.190643
0.525860
0.190307
0.170121
0.288006
0.796791
1.253849
1.079390
0.328412
3.098103
1.339017
0.808230
0.946030
0.544038
0.284661
0.440014
1.418182
0.014498
0.123380
0.047094
0.041581
1.934203
1.216241
0.642785
0.102957
0.676518
0.641450
0.190195
0.568899
0.508337
0.956722
1.008115
0.046362
0.469384
0.983125
0.699439
1.941349
1.074975
0.177853
0.073182
1.028394
0.026869
0.881347
2.817255
0.856782
0.491301
1.030827
0.612956
0.788814
2.838127
0.487928
3.249092
2.357576
0.217896
0.071884
0.106225
0.018390
0.099205
1.148875
0.073850
0.384157
1.863526
0.023547
1.684531
0.331083
0.125750
1.193155
0.991399
2.099416
1.328294
1.626996
0.331334
0.195333
1.388756
1.644209
4.657005
0.532079
0.465244
1.497955
0.416734
2.670138
1.954839
0.560356
1.389785
1.404633
0.108838
2.328446
0.703707
1.751333
0.385735
2.258791
0.492988
0.010897
2.357907
0.095726
0.384654
2.996972
3.007950
0.851997
0.999230
0.595015
0.347023
0.398486
1.116324
1.395838
1.568195
1.558831
0.095637
0.682050
0.059282
0.797461
0.582555
2.186619
0.432192
0.124506
0.154308
1.433431
0.962906
0.106609
0.087856
1.207208
0.075546
1.725186
1.225000
0.084849
0.088654
4.315459
0.468838
0.463055
1.675575
2.942165
4.268774
1.399899
0.472021
0.087194
1.501243
0.817360
0.552033
2.368238
0.117880
0.678505
0.011419
0.632354
0.057950
0.126491
0.125026
1.047568
1.370598
0.875554
3.274720
0.469797
0.336469
2.029503
0.253082
3.302870
0.012229
3.502527
0.044119
2.217721
0.750143
4.956829
0.076661
0.807110
3.483575
0.740444
0.992628
1.189901
0.606128
0.987674
0.877826
2.314233
0.046511
0.329843
3.003996
2.209676
0.608175
0.967933
0.324873
0.208404
0.623059
0.435954
0.876244
0.080922
3.664960
4.283866
