# Poisson Arrival Times Generated
# Generated on: 2025-10-16 07:08:23
# Arrival time: 0.125 seconds (avg inter-arrival time)
# QPS: 8.0000 queries per second
# Number of queries: 500
# Random seed: 42
# Format: One delay value per line (seconds)
#
0.058659
0.376265
0.164593
0.114118
0.021203
0.021200
0.007480
0.251404
0.114885
0.153906
0.002600
0.437945
0.223304
0.029836
0.025085
0.025326
0.045344
0.092991
0.070692
0.043028
0.118296
0.018779
0.043189
0.057035
0.076117
0.192242
0.027842
0.090254
0.112188
0.005945
0.116917
0.023370
0.008408
0.371711
0.421329
0.206541
0.045411
0.012847
0.144094
0.072511
0.016269
0.085443
0.004374
0.300053
0.037432
0.135782
0.046693
0.091764
0.098903
0.025549
0.436601
0.186531
0.350637
0.281519
0.113882
0.318679
0.011582
0.027267
0.005785
0.049192
0.061516
0.039570
0.220570
0.055153
0.041225
0.097801
0.018987
0.202560
0.009684
0.541768
0.184935
0.027692
0.000692
0.211237
0.153387
0.163208
0.184402
0.009616
0.055487
0.015394
0.248566
0.122038
0.050227
0.008209
0.046561
0.049164
0.163484
0.126861
0.272781
0.079883
0.015922
0.156141
0.178799
0.102986
0.184236
0.085102
0.092460
0.069727
0.003218
0.014271
0.003992
0.126466
0.047175
0.088805
0.297658
0.035842
0.066035
0.176094
0.032476
0.010013
0.042768
0.021976
0.331869
0.206361
0.125437
0.256440
0.203496
0.025812
0.278852
0.096887
0.205919
0.283030
0.047841
0.014574
0.032336
0.069632
0.212979
0.246418
0.000872
0.089360
0.067534
0.031396
0.015960
0.051489
0.357890
0.048798
0.091432
0.151761
0.056497
0.445975
0.410251
0.036258
0.085957
0.044741
0.041906
0.004698
0.117562
0.087315
0.006606
0.040828
0.298608
0.034233
0.019566
0.084034
0.530505
0.034643
0.139394
0.179236
0.033917
0.162844
0.057315
0.125063
0.125480
0.095923
0.011829
0.225456
0.048351
0.025804
0.005204
0.111722
0.141481
0.002091
0.089704
0.032103
0.129516
0.023951
0.146777
0.061120
0.345043
0.018493
0.052142
0.015056
0.323274
0.262292
0.037291
0.134845
0.212436
0.101267
0.094285
0.034610
0.012216
0.284390
0.288347
0.125334
0.051756
0.053696
0.161808
0.284262
0.272642
0.189195
0.128414
0.010986
0.022037
0.286029
0.116562
0.001155
0.013375
0.136145
0.000634
0.021914
0.099462
0.147164
0.131930
0.031744
0.155677
0.033853
0.049204
0.171545
0.131097
0.236495
0.133977
0.105006
0.012295
0.057302
0.038520
0.034963
0.451539
0.062423
0.278257
0.124667
0.197978
0.087304
0.107519
0.084787
0.027152
0.160220
0.041197
0.003077
0.129621
0.024367
0.352635
0.384695
0.307939
0.057786
0.001947
0.329440
0.069867
0.425105
0.414217
0.239673
0.043597
0.060786
0.238091
0.047643
0.023215
0.101717
0.343912
0.148853
0.105514
0.012779
0.119316
0.576321
0.018865
0.091312
0.262326
0.168754
0.149259
0.151536
0.055687
0.043445
0.207172
0.207666
0.252244
0.305577
0.089512
0.087023
0.200119
0.131215
0.151319
0.198577
0.275915
0.051560
0.058867
0.012337
0.107927
0.004576
0.078326
0.097787
0.042204
0.111704
0.003872
0.004758
0.216169
0.055823
0.016986
0.092332
0.183706
0.030390
0.121902
0.011151
0.006633
0.094739
0.097239
0.126817
0.161870
0.465445
0.090786
0.048752
0.198207
0.039481
0.072248
0.010213
0.003210
0.410922
0.225971
0.148830
0.065732
0.023788
0.021265
0.036001
0.099599
0.156731
0.134924
0.041052
0.387263
0.167377
0.101029
0.118254
0.068005
0.035583
0.055002
0.177273
0.001812
0.015423
0.005887
0.005198
0.241775
0.152030
0.080348
0.012870
0.084565
0.080181
0.023774
0.071112
0.063542
0.119590
0.126014
0.005795
0.058673
0.122891
0.087430
0.242669
0.134372
0.022232
0.009148
0.128549
0.003359
0.110168
0.352157
0.107098
0.061413
0.128853
0.076619
0.098602
0.354766
0.060991
0.406136
0.294697
0.027237
0.008986
0.013278
0.002299
0.012401
0.143609
0.009231
0.048020
0.232941
0.002943
0.210566
0.041385
0.015719
0.149144
0.123925
0.262427
0.166037
0.203374
0.041417
0.024417
0.173595
0.205526
0.582126
0.066510
0.058155
0.187244
0.052092
0.333767
0.244355
0.070044
0.173723
0.175579
0.013605
0.291056
0.087963
0.218917
0.048217
0.282349
0.061624
0.001362
0.294738
0.011966
0.048082
0.374622
0.375994
0.106500
0.124904
0.074377
0.043378
0.049811
0.139540
0.174480
0.196024
0.194854
0.011955
0.085256
0.007410
0.099683
0.072819
0.273327
0.054024
0.015563
0.019288
0.179179
0.120363
0.013326
0.010982
0.150901
0.009443
0.215648
0.153125
0.010606
0.011082
0.539432
0.058605
0.057882
0.209447
0.367771
0.533597
0.174987
0.059003
0.010899
0.187655
0.102170
0.069004
0.296030
0.014735
0.084813
0.001427
0.079044
0.007244
0.015811
0.015628
0.130946
0.171325
0.109444
0.409340
0.058725
0.042059
0.253688
0.031635
0.412859
0.001529
0.437816
0.005515
0.277215
0.093768
0.619604
0.009583
0.100889
0.435447
0.092555
0.124079
0.148738
0.075766
0.123459
0.109728
0.289279
0.005814
0.041230
0.375500
0.276209
0.076022
0.120992
0.040609
0.026051
0.077882
0.054494
0.109530
0.010115
0.458120
0.535483
