# Poisson Arrival Times Generated
# Generated on: 2025-10-16 07:08:23
# Arrival time: 4 seconds (avg inter-arrival time)
# QPS: 0.2500 queries per second
# Number of queries: 500
# Random seed: 42
# Format: One delay value per line (seconds)
#
1.877072
12.040486
5.266983
3.651770
0.678499
0.678385
0.239355
8.044923
3.676329
4.925000
0.083197
14.014230
7.145718
0.954751
0.802716
0.810446
1.451015
2.975711
2.262148
1.376892
3.785483
0.600938
1.382062
1.825109
2.435739
6.151744
0.890943
2.888117
3.590019
0.190255
3.741332
0.747845
0.269056
11.894751
13.482521
6.609326
1.453151
0.411109
4.611003
2.320363
0.520609
2.734189
0.139975
9.601692
1.197831
4.345023
1.494186
2.936444
3.164895
0.817554
13.971229
5.968982
11.220378
9.008608
3.644218
10.197742
0.370622
0.872539
0.185128
1.574128
1.968521
1.266242
7.058231
1.764908
1.319211
3.129628
0.607593
6.481934
0.309903
17.336585
5.917935
0.886158
0.022150
6.759587
4.908384
5.222652
5.900858
0.307717
1.775571
0.492600
7.954118
3.905205
1.607275
0.262672
1.489953
1.573257
5.231503
4.059557
8.729008
2.556265
0.509490
4.996505
5.721571
3.295550
5.895560
2.723259
2.958715
2.231257
0.102991
0.456670
0.127735
4.046918
1.509587
2.841749
9.525062
1.146955
2.113128
5.634997
1.039221
0.320417
1.368561
0.703233
10.619800
6.603548
4.013977
8.206079
6.511876
0.825982
8.923254
3.100400
6.589393
9.056971
1.530923
0.466369
1.034747
2.228231
6.815319
7.885380
0.027906
2.859505
2.161093
1.004669
0.510722
1.647634
11.452484
1.561535
2.925811
4.856348
1.807898
14.271193
13.128039
1.160245
2.750637
1.431722
1.340999
0.150338
3.761968
2.794079
0.211404
1.306504
9.555444
1.095442
0.626123
2.689088
16.976148
1.108579
4.460620
5.735551
1.085333
5.210996
1.834091
4.002015
4.015351
3.069541
0.378517
7.214579
1.547241
0.825728
0.166519
3.575114
4.527407
0.066908
2.870522
1.027297
4.144497
0.766417
4.696850
1.955835
11.041375
0.591778
1.668530
0.481777
10.344762
8.393335
1.193309
4.315051
6.797936
3.240529
3.017118
1.107508
0.390905
9.100493
9.227098
4.010680
1.656186
1.718270
5.177862
9.096389
8.724530
6.054249
4.109243
0.351567
0.705177
9.152922
3.729976
0.036958
0.427988
4.356650
0.020298
0.701263
3.182791
4.709261
4.221766
1.015799
4.981669
1.083295
1.574540
5.489430
4.195095
7.567824
4.287253
3.360177
0.393428
1.833665
1.232641
1.118801
14.449238
1.997550
8.904221
3.989338
6.335301
2.793741
3.440624
2.713174
0.868860
5.127047
1.318309
0.098466
4.147875
0.779734
11.284333
12.310250
9.854040
1.849150
0.062309
10.542094
2.235753
13.603368
13.254942
7.669548
1.395104
1.945168
7.618907
1.524585
0.742874
3.254948
11.005174
4.763302
3.376449
0.408913
3.818123
18.442279
0.603682
2.921981
8.394435
5.400137
4.776298
4.849150
1.781969
1.390248
6.629498
6.645313
8.071800
9.778464
2.864373
2.784738
6.403800
4.198876
4.842203
6.354478
8.829294
1.649930
1.883747
0.394784
3.453656
0.146416
2.506428
3.129178
1.350523
3.574530
0.123900
0.152254
6.917405
1.786340
0.543556
2.954614
5.878592
0.972472
3.900878
0.356844
0.212260
3.031636
3.111642
4.058150
5.179842
14.894228
2.905164
1.560079
6.342616
1.263406
2.311934
0.326821
0.102710
13.149520
7.231071
4.762571
2.103439
0.761226
0.680483
1.152024
3.187163
5.015397
4.317561
1.313649
12.392414
5.356070
3.232922
3.784122
2.176151
1.138645
1.760057
5.672727
0.057992
0.493522
0.188378
0.166326
7.736812
4.864962
2.571138
0.411828
2.706072
2.565801
0.760779
2.275597
2.033346
3.826890
4.032458
0.185449
1.877536
3.932500
2.797758
7.765398
4.299899
0.711411
0.292730
4.113577
0.107476
3.525390
11.269022
3.427130
1.965203
4.123309
2.451824
3.155257
11.352509
1.951710
12.996367
9.430305
0.871585
0.287537
0.424901
0.073560
0.396820
4.595499
0.295399
1.536629
7.454104
0.094188
6.738122
1.324334
0.503000
4.772622
3.965597
8.397663
5.313174
6.507983
1.325335
0.781333
5.555026
6.576837
18.628020
2.128317
1.860976
5.991818
1.666935
10.680552
7.819357
2.241422
5.559139
5.618532
0.435350
9.313783
2.814830
7.005330
1.542942
9.035162
1.971954
0.043587
9.431629
0.382902
1.538615
11.987890
12.031798
3.407989
3.996920
2.380059
1.388091
1.593945
4.465294
5.583351
6.272782
6.235324
0.382548
2.728198
0.237127
3.189845
2.330221
8.746475
1.728766
0.498024
0.617231
5.733722
3.851623
0.426435
0.351422
4.828834
0.302184
6.900743
4.899999
0.339395
0.354615
17.261834
1.875350
1.852221
6.702302
11.768658
17.075096
5.599597
1.888084
0.348776
6.004970
3.269442
2.208133
9.472951
0.471521
2.714020
0.045674
2.529417
0.231802
0.505964
0.500105
4.190274
5.482391
3.502215
13.098881
1.879186
1.345877
8.118010
1.012328
13.211480
0.048916
14.010108
0.176476
8.870885
3.000573
19.827314
0.306646
3.228439
13.934301
2.961776
3.970513
4.759605
2.424511
3.950697
3.511303
9.256931
0.186046
1.319371
12.015984
8.838703
2.432701
3.871732
1.299494
0.833617
2.492234
1.743814
3.504975
0.323689
14.659840
17.135462
