# Poisson Arrival Times Generated
# Generated on: 2025-10-16 07:08:23
# Arrival time: 2 seconds (avg inter-arrival time)
# QPS: 0.5000 queries per second
# Number of queries: 500
# Random seed: 42
# Format: One delay value per line (seconds)
#
0.938536
6.020243
2.633491
1.825885
0.339250
0.339193
0.119678
4.022462
1.838164
2.462500
0.041599
7.007115
3.572859
0.477375
0.401358
0.405223
0.725507
1.487856
1.131074
0.688446
1.892742
0.300469
0.691031
0.912554
1.217869
3.075872
0.445472
1.444058
1.795009
0.095128
1.870666
0.373923
0.134528
5.947376
6.741261
3.304663
0.726576
0.205555
2.305502
1.160182
0.260304
1.367094
0.069987
4.800846
0.598916
2.172512
0.747093
1.468222
1.582448
0.408777
6.985614
2.984491
5.610189
4.504304
1.822109
5.098871
0.185311
0.436269
0.092564
0.787064
0.984261
0.633121
3.529116
0.882454
0.659606
1.564814
0.303796
3.240967
0.154952
8.668293
2.958968
0.443079
0.011075
3.379794
2.454192
2.611326
2.950429
0.153859
0.887785
0.246300
3.977059
1.952602
0.803638
0.131336
0.744977
0.786628
2.615752
2.029779
4.364504
1.278132
0.254745
2.498253
2.860786
1.647775
2.947780
1.361629
1.479358
1.115628
0.051496
0.228335
0.063867
2.023459
0.754793
1.420874
4.762531
0.573478
1.056564
2.817498
0.519610
0.160209
0.684281
0.351617
5.309900
3.301774
2.006988
4.103039
3.255938
0.412991
4.461627
1.550200
3.294697
4.528485
0.765461
0.233184
0.517373
1.114115
3.407659
3.942690
0.013953
1.429752
1.080547
0.502335
0.255361
0.823817
5.726242
0.780768
1.462906
2.428174
0.903949
7.135596
6.564020
0.580123
1.375319
0.715861
0.670499
0.075169
1.880984
1.397039
0.105702
0.653252
4.777722
0.547721
0.313062
1.344544
8.488074
0.554290
2.230310
2.867775
0.542666
2.605498
0.917046
2.001007
2.007676
1.534770
0.189258
3.607290
0.773621
0.412864
0.083260
1.787557
2.263703
0.033454
1.435261
0.513648
2.072249
0.383208
2.348425
0.977917
5.520688
0.295889
0.834265
0.240889
5.172381
4.196667
0.596655
2.157525
3.398968
1.620265
1.508559
0.553754
0.195452
4.550246
4.613549
2.005340
0.828093
0.859135
2.588931
4.548195
4.362265
3.027124
2.054621
0.175783
0.352588
4.576461
1.864988
0.018479
0.213994
2.178325
0.010149
0.350632
1.591396
2.354631
2.110883
0.507900
2.490835
0.541648
0.787270
2.744715
2.097548
3.783912
2.143627
1.680089
0.196714
0.916833
0.616320
0.559400
7.224619
0.998775
4.452110
1.994669
3.167651
1.396871
1.720312
1.356587
0.434430
2.563524
0.659155
0.049233
2.073938
0.389867
5.642166
6.155125
4.927020
0.924575
0.031155
5.271047
1.117877
6.801684
6.627471
3.834774
0.697552
0.972584
3.809453
0.762292
0.371437
1.627474
5.502587
2.381651
1.688225
0.204456
1.909061
9.221139
0.301841
1.460991
4.197217
2.700068
2.388149
2.424575
0.890985
0.695124
3.314749
3.322656
4.035900
4.889232
1.432186
1.392369
3.201900
2.099438
2.421101
3.177239
4.414647
0.824965
0.941874
0.197392
1.726828
0.073208
1.253214
1.564589
0.675261
1.787265
0.061950
0.076127
3.458703
0.893170
0.271778
1.477307
2.939296
0.486236
1.950439
0.178422
0.106130
1.515818
1.555821
2.029075
2.589921
7.447114
1.452582
0.780039
3.171308
0.631703
1.155967
0.163410
0.051355
6.574760
3.615535
2.381285
1.051719
0.380613
0.340241
0.576012
1.593581
2.507699
2.158781
0.656825
6.196207
2.678035
1.616461
1.892061
1.088076
0.569323
0.880028
2.836364
0.028996
0.246761
0.094189
0.083163
3.868406
2.432481
1.285569
0.205914
1.353036
1.282901
0.380389
1.137798
1.016673
1.913445
2.016229
0.092725
0.938768
1.966250
1.398879
3.882699
2.149950
0.355706
0.146365
2.056788
0.053738
1.762695
5.634511
1.713565
0.982601
2.061654
1.225912
1.577629
5.676254
0.975855
6.498184
4.715152
0.435793
0.143768
0.212451
0.036780
0.198410
2.297750
0.147699
0.768314
3.727052
0.047094
3.369061
0.662167
0.251500
2.386311
1.982798
4.198832
2.656587
3.253992
0.662668
0.390667
2.777513
3.288418
9.314010
1.064159
0.930488
2.995909
0.833467
5.340276
3.909678
1.120711
2.779569
2.809266
0.217675
4.656891
1.407415
3.502665
0.771471
4.517581
0.985977
0.021794
4.715815
0.191451
0.769307
5.993945
6.015899
1.703995
1.998460
1.190029
0.694046
0.796973
2.232647
2.791676
3.136391
3.117662
0.191274
1.364099
0.118563
1.594923
1.165111
4.373237
0.864383
0.249012
0.308615
2.866861
1.925811
0.213217
0.175711
2.414417
0.151092
3.450372
2.450000
0.169698
0.177308
8.630917
0.937675
0.926111
3.351151
5.884329
8.537548
2.799798
0.944042
0.174388
3.002485
1.634721
1.104066
4.736475
0.235760
1.357010
0.022837
1.264709
0.115901
0.252982
0.250052
2.095137
2.741195
1.751108
6.549440
0.939593
0.672938
4.059005
0.506164
6.605740
0.024458
7.005054
0.088238
4.435442
1.500287
9.913657
0.153323
1.614219
6.967150
1.480888
1.985257
2.379802
1.212256
1.975348
1.755652
4.628466
0.093023
0.659685
6.007992
4.419352
1.216351
1.935866
0.649747
0.416808
1.246117
0.871907
1.752487
0.161845
7.329920
8.567731
