Dataset: anns
Concurrency: mean=5.4, max=29
Request sizes: mean=12139, p95=29223
Streaming ratio: 89.79%

Scheduler       | Queue Size |  Mean (us) |   P50 (us) |   P95 (us) |   P99 (us)
--------------------------------------------------------------------------------
default_vllm    |         10 |       1.64 |       1.61 |       1.68 |       2.49
fcfs            |         10 |       4.43 |       4.31 |       4.65 |       7.43
lcas            |         10 |       4.34 |       4.30 |       4.50 |       4.97
mcps            |         10 |       3.47 |       3.44 |       3.54 |       3.94
default_vllm    |         25 |       1.61 |       1.60 |       1.66 |       1.70
fcfs            |         25 |       8.15 |       8.07 |       8.48 |       8.87
lcas            |         25 |       8.20 |       8.10 |       8.58 |       9.19
mcps            |         25 |       6.42 |       6.37 |       6.48 |       7.30
default_vllm    |         50 |       2.32 |       2.30 |       2.38 |       2.43
fcfs            |         50 |      15.58 |      15.46 |      16.07 |      18.54
lcas            |         50 |      15.29 |      15.12 |      16.09 |      18.12
mcps            |         50 |      12.61 |      12.53 |      12.74 |      15.59
default_vllm    |        100 |       3.39 |       3.36 |       3.47 |       3.54
fcfs            |        100 |      29.32 |      28.99 |      30.75 |      34.48
lcas            |        100 |      29.81 |      29.35 |      31.34 |      37.01
mcps            |        100 |      25.64 |      25.43 |      25.91 |      33.03
default_vllm    |        200 |       7.16 |       6.36 |      10.75 |      11.11
fcfs            |        200 |      59.18 |      58.22 |      63.42 |      68.02
lcas            |        200 |      61.29 |      58.36 |      69.25 |      99.00
mcps            |        200 |      51.49 |      51.02 |      54.46 |      60.44
default_vllm    |        500 |      17.93 |      17.80 |      18.03 |      23.36
fcfs            |        500 |     149.80 |     148.77 |     156.09 |     160.79
lcas            |        500 |     150.50 |     149.73 |     157.87 |     167.37
mcps            |        500 |     140.96 |     140.05 |     146.50 |     148.38
