Dataset: crawler
Concurrency: mean=13.4, max=60
Request sizes: mean=10208, p95=30998
Streaming ratio: 91.73%

Scheduler       | Queue Size |  Mean (us) |   P50 (us) |   P95 (us) |   P99 (us)
--------------------------------------------------------------------------------
default_vllm    |         10 |       0.99 |       0.98 |       1.03 |       1.09
fcfs            |         10 |       4.16 |       4.11 |       4.30 |       4.87
lcas            |         10 |       4.11 |       4.07 |       4.25 |       4.57
mcps            |         10 |       3.40 |       3.36 |       3.47 |       3.72
default_vllm    |         25 |       1.91 |       1.89 |       1.96 |       2.00
fcfs            |         25 |       8.27 |       8.13 |       8.69 |       8.96
lcas            |         25 |       8.57 |       8.43 |       8.98 |       9.28
mcps            |         25 |       7.49 |       7.45 |       7.58 |       7.77
default_vllm    |         50 |       2.15 |       2.14 |       2.20 |       2.23
fcfs            |         50 |      15.45 |      15.26 |      16.19 |      20.10
lcas            |         50 |      15.81 |      15.52 |      16.59 |      19.59
mcps            |         50 |      12.59 |      12.51 |      12.68 |      15.34
default_vllm    |        100 |       4.00 |       3.97 |       4.05 |       4.10
fcfs            |        100 |      30.72 |      30.26 |      32.23 |      35.01
lcas            |        100 |      30.00 |      29.40 |      31.40 |      35.29
mcps            |        100 |      25.08 |      24.91 |      25.26 |      30.51
default_vllm    |        200 |       7.06 |       7.02 |       7.15 |       7.59
fcfs            |        200 |      58.84 |      58.05 |      61.74 |      64.24
lcas            |        200 |      58.74 |      57.80 |      61.84 |      66.38
mcps            |        200 |      50.56 |      50.33 |      52.78 |      56.09
default_vllm    |        500 |      17.06 |      17.01 |      17.18 |      21.69
fcfs            |        500 |     151.99 |     151.38 |     159.09 |     163.30
lcas            |        500 |     152.47 |     151.39 |     158.19 |     161.34
mcps            |        500 |     141.77 |     141.02 |     146.79 |     148.95
