# Poisson Arrival Times Generated
# Generated on: 2025-10-27 15:45:02
# Arrival time: 0.25 seconds (avg inter-arrival time)
# QPS: 4.0000 queries per second
# Number of queries: 4322
# Random seed: 42
# Format: One delay value per line (seconds)
#
0.117317
0.752530
0.329186
0.228236
0.042406
0.042399
0.014960
0.502808
0.229771
0.307813
0.005200
0.875889
0.446607
0.059672
0.050170
0.050653
0.090688
0.185982
0.141384
0.086056
0.236593
0.037559
0.086379
0.114069
0.152234
0.384484
0.055684
0.180507
0.224376
0.011891
0.233833
0.046740
0.016816
0.743422
0.842658
0.413083
0.090822
0.025694
0.288188
0.145023
0.032538
0.170887
0.008748
0.600106
0.074864
0.271564
0.093387
0.183528
0.197806
0.051097
0.873202
0.373061
0.701274
0.563038
0.227764
0.637359
0.023164
0.054534
0.011570
0.098383
0.123033
0.079140
0.441139
0.110307
0.082451
0.195602
0.037975
0.405121
0.019369
1.083537
0.369871
0.055385
0.001384
0.422474
0.306774
0.326416
0.368804
0.019232
0.110973
0.030788
0.497132
0.244075
0.100455
0.016417
0.093122
0.098329
0.326969
0.253722
0.545563
0.159767
0.031843
0.312282
0.357598
0.205972
0.368472
0.170204
0.184920
0.139454
0.006437
0.028542
0.007983
0.252932
0.094349
0.177609
0.595316
0.071685
0.132070
0.352187
0.064951
0.020026
0.085535
0.043952
0.663738
0.412722
0.250874
0.512880
0.406992
0.051624
0.557703
0.193775
0.411837
0.566061
0.095683
0.029148
0.064672
0.139264
0.425957
0.492836
0.001744
0.178719
0.135068
0.062792
0.031920
0.102977
0.715780
0.097596
0.182863
0.303522
0.112994
0.891950
0.820502
0.072515
0.171915
0.089483
0.083812
0.009396
0.235123
0.174630
0.013213
0.081656
0.597215
0.068465
0.039133
0.168068
1.061009
0.069286
0.278789
0.358472
0.067833
0.325687
0.114631
0.250126
0.250959
0.191846
0.023657
0.450911
0.096703
0.051608
0.010407
0.223445
0.282963
0.004182
0.179408
0.064206
0.259031
0.047901
0.293553
0.122240
0.690086
0.036986
0.104283
0.030111
0.646548
0.524583
0.074582
0.269691
0.424871
0.202533
0.188570
0.069219
0.024432
0.568781
0.576694
0.250667
0.103512
0.107392
0.323616
0.568524
0.545283
0.378391
0.256828
0.021973
0.044074
0.572058
0.233123
0.002310
0.026749
0.272291
0.001269
0.043829
0.198924
0.294329
0.263860
0.063487
0.311354
0.067706
0.098409
0.343089
0.262193
0.472989
0.267953
0.210011
0.024589
0.114604
0.077040
0.069925
0.903077
0.124847
0.556514
0.249334
0.395956
0.174609
0.215039
0.169573
0.054304
0.320440
0.082394
0.006154
0.259242
0.048733
0.705271
0.769391
0.615877
0.115572
0.003894
0.658881
0.139735
0.850211
0.828434
0.479347
0.087194
0.121573
0.476182
0.095287
0.046430
0.203434
0.687823
0.297706
0.211028
0.025557
0.238633
1.152642
0.037730
0.182624
0.524652
0.337509
0.298519
0.303072
0.111373
0.086891
0.414344
0.415332
0.504488
0.611154
0.179023
0.174046
0.400237
0.262430
0.302638
0.397155
0.551831
0.103121
0.117734
0.024674
0.215854
0.009151
0.156652
0.195574
0.084408
0.223408
0.007744
0.009516
0.432338
0.111646
0.033972
0.184663
0.367412
0.060780
0.243805
0.022303
0.013266
0.189477
0.194478
0.253634
0.323740
0.930889
0.181573
0.097505
0.396413
0.078963
0.144496
0.020426
0.006419
0.821845
0.451942
0.297661
0.131465
0.047577
0.042530
0.072001
0.199198
0.313462
0.269848
0.082103
0.774526
0.334754
0.202058
0.236508
0.136009
0.071165
0.110004
0.354545
0.003625
0.030845
0.011774
0.010395
0.483551
0.304060
0.160696
0.025739
0.169129
0.160363
0.047549
0.142225
0.127084
0.239181
0.252029
0.011591
0.117346
0.245781
0.174860
0.485337
0.268744
0.044463
0.018296
0.257099
0.006717
0.220337
0.704314
0.214196
0.122825
0.257707
0.153239
0.197204
0.709532
0.121982
0.812273
0.589394
0.054474
0.017971
0.026556
0.004597
0.024801
0.287219
0.018462
0.096039
0.465882
0.005887
0.421133
0.082771
0.031438
0.298289
0.247850
0.524854
0.332073
0.406749
0.082833
0.048833
0.347189
0.411052
1.164251
0.133020
0.116311
0.374489
0.104183
0.667534
0.488710
0.140089
0.347446
0.351158
0.027209
0.582111
0.175927
0.437833
0.096434
0.564698
0.123247
0.002724
0.589477
0.023931
0.096163
0.749243
0.751987
0.212999
0.249808
0.148754
0.086756
0.099622
0.279081
0.348959
0.392049
0.389708
0.023909
0.170512
0.014820
0.199365
0.145639
0.546655
0.108048
0.031126
0.038577
0.358358
0.240726
0.026652
0.021964
0.301802
0.018887
0.431296
0.306250
0.021212
0.022163
1.078865
0.117209
0.115764
0.418894
0.735541
1.067193
0.349975
0.118005
0.021798
0.375311
0.204340
0.138008
0.592059
0.029470
0.169626
0.002855
0.158089
0.014488
0.031623
0.031257
0.261892
0.342649
0.218888
0.818680
0.117449
0.084117
0.507376
0.063271
0.825718
0.003057
0.875632
0.011030
0.554430
0.187536
1.239207
0.019165
0.201777
0.870894
0.185111
0.248157
0.297475
0.151532
0.246919
0.219456
0.578558
0.011628
0.082461
0.750999
0.552419
0.152044
0.241983
0.081218
0.052101
0.155765
0.108988
0.219061
0.020231
0.916240
1.070966
0.299466
0.192020
0.092595
0.420227
0.288582
0.044368
0.604575
0.432249
0.747935
0.323401
0.237601
0.135426
0.674755
0.502598
0.011568
0.006680
0.118087
0.415912
1.091069
0.040752
0.225431
0.119868
0.875927
0.461478
0.455548
0.158104
0.133959
0.079847
0.014507
0.500107
0.419029
2.043111
1.423718
0.202663
0.366321
0.724043
0.473693
0.071038
0.149707
0.034574
0.770056
0.232962
0.064901
0.278457
0.240668
0.110855
0.030135
0.278360
0.183653
0.369952
0.183577
0.477943
0.200689
0.205779
0.523190
0.129162
0.035972
0.007301
0.351764
0.242100
0.304416
0.059870
0.036653
0.003663
0.107922
0.222849
0.124495
0.143830
0.586265
0.107026
0.180381
0.382718
0.126270
0.243273
0.495785
0.746548
0.039770
0.652916
0.169376
0.074684
0.153647
0.978413
0.169623
0.099654
0.250872
0.068657
0.019724
0.034494
0.034255
0.041190
0.037365
0.256021
0.050187
0.106035
0.567744
0.160595
0.275322
0.047282
0.053388
0.010432
0.046262
0.081637
0.048703
0.023221
0.032139
0.154407
0.057773
0.113245
0.175001
0.293114
0.010026
0.401624
0.247148
0.021324
0.517034
0.634173
0.015756
0.081044
0.410234
0.344839
0.050995
0.058725
0.115696
0.165666
0.240750
0.115078
0.155223
0.344057
0.009343
0.072734
0.312373
0.563942
0.179195
0.189882
0.028340
0.148286
0.190152
0.069423
0.078419
0.118416
0.005069
0.097181
0.059389
0.099187
0.031891
0.553020
0.225100
0.284158
0.389177
0.172509
0.022733
0.192565
0.220981
0.342054
0.141259
0.034121
0.083441
0.112779
0.259556
0.211445
0.110052
1.076549
0.232708
0.067699
0.026836
0.041472
0.070577
0.043791
0.051623
0.083901
0.047601
0.567688
0.020909
0.185853
0.132076
1.009661
0.029707
0.126814
0.872265
0.501561
0.424666
0.074569
0.046850
0.276140
0.662596
0.203413
0.211932
0.082119
0.366868
0.051769
0.097772
0.138536
0.177121
0.069403
0.030496
0.235800
0.085141
0.217613
0.041916
0.164030
0.190137
0.013304
0.102596
0.036087
0.016368
1.150300
0.097283
0.415018
0.073472
0.286035
0.357017
0.226362
0.159464
0.132689
0.107261
0.663139
0.443902
0.838294
0.033182
0.328138
0.696532
0.049989
0.017203
0.337848
0.213607
0.461019
0.037640
0.396513
0.056295
0.044679
0.044861
0.421276
0.273553
0.185094
0.111115
0.524301
0.124578
0.424021
0.144569
0.118280
0.155290
0.089661
0.344194
0.174651
0.066061
0.574585
0.121083
0.196071
0.592374
0.244700
0.031079
0.702654
0.247019
0.101957
0.037494
0.395000
0.241944
0.190603
0.560826
0.388498
0.041123
0.093391
0.071417
0.340592
0.008527
0.210928
0.359353
0.523417
0.104669
0.430452
0.029311
0.468436
0.034095
0.126579
0.399001
0.040605
0.065098
0.320261
0.318274
0.256211
0.296000
0.195617
0.072521
0.106046
0.050100
0.597719
0.218902
0.128061
0.154977
0.735706
0.041617
0.220611
0.176249
0.236336
0.004569
0.514173
0.672497
0.208179
0.298218
0.639367
0.307099
0.041378
0.214676
0.233305
0.137969
0.333373
0.680919
0.649469
0.149841
0.030045
1.047293
0.456430
0.033286
0.634077
0.509856
0.182888
0.223678
0.127291
0.014080
0.102066
0.405952
0.001161
0.101428
0.126945
0.192721
0.630981
0.106294
0.106527
0.334377
0.150469
0.063596
0.150571
0.037955
0.048514
0.172472
0.135719
0.615823
0.112509
0.217226
0.250098
0.003295
0.272317
0.049015
0.811500
0.040237
0.133875
0.022303
1.442020
0.174387
0.226205
0.017358
0.346534
0.058901
0.570829
0.057397
0.052893
0.009309
0.159696
0.208011
0.016992
0.373501
0.150959
0.185789
0.145295
0.128025
0.205041
0.042176
0.050201
0.494737
0.730228
0.116826
0.078933
0.258206
0.131372
0.006429
0.042446
0.314671
0.268912
0.006867
0.062748
0.065690
0.278604
0.004977
0.027484
0.402255
0.049169
0.264425
0.068012
0.026185
0.069655
0.320274
0.483959
0.443313
0.126536
0.275719
0.057348
0.086733
0.566650
0.003272
0.022347
0.058263
0.006723
0.050051
0.218692
0.136797
0.557966
0.425174
0.104568
0.075082
0.119385
0.223079
0.078015
0.244641
0.131659
0.200767
0.143231
0.087200
0.741317
0.360564
0.037739
0.507126
0.167080
0.562385
0.402179
0.138439
0.005681
0.078225
0.195022
0.250924
0.074564
0.037519
0.450347
1.040156
0.186474
0.047089
0.079469
0.004640
0.614222
0.031320
0.214810
0.080070
0.201959
0.263472
0.442610
0.057801
0.002764
0.036802
0.575693
0.517650
0.227461
0.229396
0.273434
0.048206
0.614552
0.135652
0.120778
0.182929
0.012026
0.045465
0.334885
0.021607
0.231051
0.070375
0.123286
0.085163
0.109887
0.317391
0.088143
0.208911
0.161590
0.272416
0.690480
0.329726
0.060499
0.007920
0.076042
0.226015
0.013199
0.171476
0.227107
0.101708
0.368412
0.028180
0.019528
0.325662
0.171043
0.291511
0.142656
0.070724
0.427456
0.401630
0.296612
0.079413
0.223040
0.111952
0.024013
0.623175
0.036783
0.750123
0.147650
0.051183
0.195167
0.515785
0.329402
0.410698
0.268809
0.294638
0.472943
0.071810
0.168054
0.062503
1.098890
0.720866
0.010056
0.305683
0.648396
0.049788
0.209801
0.617716
0.008634
0.298853
0.088224
0.645562
0.885617
0.721793
0.160715
0.495203
0.465357
0.096085
0.441399
0.009427
0.226752
0.065344
0.032119
0.020019
0.297919
0.103832
0.322534
0.016897
0.094690
0.193856
0.391024
0.095957
0.245802
0.542840
0.239189
0.066304
0.006176
0.510245
0.005375
0.519264
0.188191
0.699498
0.400843
1.545549
0.107970
0.364381
0.128512
0.163422
0.246883
0.517229
1.035099
0.365549
0.135221
0.136767
0.334454
0.068207
0.029267
0.109480
0.084652
0.087854
0.066515
0.010751
0.004509
1.099994
0.139555
0.121260
0.284583
0.061556
0.748739
0.385848
0.023416
0.135141
0.528236
0.723890
0.157497
0.237599
0.045691
1.182361
0.065885
0.715002
0.262203
0.233956
0.179713
0.065559
0.048556
0.062271
0.051583
0.378060
0.107744
0.014896
0.869271
0.538080
0.656914
1.320012
0.047758
0.126145
0.354951
0.297699
0.041778
0.422978
0.063543
0.063342
0.192493
0.224699
0.216926
0.023986
0.524831
0.077175
0.034676
0.548990
0.778919
0.495357
0.414547
0.266228
0.200104
0.022751
0.131254
0.116578
0.075193
0.321314
0.171233
0.021130
0.062174
0.287418
0.019796
0.476300
0.170872
0.163764
0.224372
0.435287
0.106855
0.283313
0.208523
0.077662
0.527228
0.399163
0.268567
0.475251
0.504905
0.308061
0.453522
0.298895
0.284969
0.240984
0.349305
0.043174
0.531887
0.513626
0.007421
0.436912
0.034491
0.102037
0.340165
0.043815
0.425892
0.446148
0.177049
0.001602
0.084582
0.239882
0.993291
0.249791
0.075210
0.251284
0.194124
0.378356
0.028287
0.357852
0.194822
0.824155
0.104589
0.250341
0.672165
0.027038
0.692063
0.291096
0.017562
0.089513
0.307898
0.017431
0.218170
0.106117
0.242499
0.011705
0.513028
0.907549
0.867459
0.346226
0.034840
0.354976
0.006224
0.005593
0.097746
0.167672
0.367862
0.287446
0.147604
0.079923
1.462882
0.138860
0.150091
0.044669
0.395954
0.295783
0.062362
0.021493
0.285249
0.265699
0.079796
0.753289
0.040941
0.141556
0.718892
0.136064
0.254391
0.126706
0.080125
1.033443
0.131626
0.561313
0.065326
0.059915
0.007907
0.263649
0.114925
0.499435
0.160238
0.862021
0.051303
0.507421
0.374694
0.368423
0.465733
0.357848
0.246022
0.035173
0.008267
0.634096
0.239702
0.398068
0.164215
0.031195
0.033436
0.289245
0.140664
0.055950
0.169119
0.016591
0.218051
0.078333
0.399327
0.092897
0.151843
0.002922
0.018801
0.124598
0.163452
0.229086
0.086209
0.296846
0.491747
0.378363
0.010106
0.163725
0.027713
0.069283
1.079296
0.038432
0.172731
0.240686
0.303056
0.205046
0.002455
0.098802
0.182303
0.022992
0.107937
0.008442
0.020459
0.126428
0.035597
0.209567
0.292365
0.403094
0.055833
0.045825
0.027612
0.252946
0.306449
0.008024
0.688049
0.013343
0.194838
0.308660
0.511926
0.313017
0.404529
0.103671
0.421614
0.020877
0.563013
0.198293
0.424974
0.150515
0.257910
0.186849
0.328809
0.021289
0.015563
0.070957
0.043453
0.513509
0.061864
0.931026
0.102706
0.050259
0.389803
0.268754
0.172386
0.202625
0.317530
0.064840
1.402158
0.920160
0.262688
0.055643
0.285037
0.018734
0.007783
0.074495
0.155264
0.506755
0.324726
0.339384
0.138561
0.106137
0.115921
1.098516
0.010234
0.504411
0.216088
0.144337
0.322980
0.166709
0.516727
0.577407
0.136925
0.081027
0.224337
0.608639
0.059140
0.243855
0.249620
0.330233
0.035266
0.314541
0.599313
0.049516
0.067802
0.888544
0.049911
0.481697
0.169455
0.070999
0.511502
0.147334
0.180807
0.111272
0.224705
0.044639
0.124018
0.871790
0.074646
0.267314
0.098331
0.371223
0.035067
0.875153
0.151188
0.067313
0.019084
0.046509
0.183375
0.102746
0.441352
0.140919
0.071492
0.240025
0.306706
0.045693
0.045866
0.009340
0.333333
0.272516
0.160914
0.464748
0.409550
0.220083
0.506753
0.057618
0.029673
0.078592
0.014695
0.189379
0.689595
0.010035
0.032558
0.150461
0.679052
0.095006
0.176931
0.010615
0.040143
1.078688
0.838951
0.001238
0.758160
0.254802
0.506084
0.151623
0.181209
0.167771
0.274801
0.037604
0.007608
0.092017
0.304925
0.056366
0.279780
0.875908
0.024652
0.279145
0.146634
0.506508
0.048745
0.294922
0.455218
0.723358
0.287409
0.171878
0.240484
0.507958
0.211347
0.007715
0.668226
0.292414
0.282149
0.060733
0.268884
0.125163
0.263338
0.028178
0.268123
1.860431
0.012353
0.944966
0.130601
0.511508
0.381258
0.209264
0.335282
0.526992
0.129438
0.099015
0.275349
0.412364
0.359171
0.399641
0.142991
0.425710
0.032018
0.196584
0.001444
0.098107
0.114109
0.126117
0.297244
0.122984
0.148866
0.067803
0.116803
0.064456
0.019003
0.231237
0.275815
0.241561
0.155669
0.119423
0.497553
0.183015
0.163089
0.006494
0.104352
0.119588
0.127216
0.216978
0.190679
0.234063
0.361918
0.419143
0.316571
0.778200
0.004600
0.054470
0.001898
0.260658
0.570771
0.069757
0.654442
0.015540
0.681182
0.108321
0.026735
0.166321
0.074190
0.083824
0.091786
0.406171
0.193677
0.093240
0.235616
0.314828
0.079578
0.133417
0.032495
0.049963
0.285733
0.050052
0.186196
0.308648
0.028258
0.209435
0.074118
0.823716
0.165192
0.409965
0.199753
0.011096
0.250701
0.756050
0.230082
0.427576
0.538987
0.064719
0.059579
0.236032
0.132344
0.457929
0.575704
0.109015
0.067582
0.379130
0.080329
0.432357
0.137798
0.275316
0.025103
0.244448
0.150264
0.220840
0.045985
0.333780
0.496574
0.061073
0.025153
0.005981
0.256786
0.233546
0.197799
0.065974
0.123946
0.225644
0.171675
1.101283
0.036673
0.296979
0.129512
0.139741
0.316106
0.294768
1.184847
0.034355
0.027484
0.322146
0.215917
0.080107
0.020688
0.022388
0.561530
0.053257
0.097658
0.064258
0.109625
0.017988
0.183003
0.017502
0.402806
0.066549
0.194139
0.530231
0.263083
0.190334
0.098014
0.101242
0.276777
1.284874
0.271058
0.203989
0.327936
0.156468
0.015507
0.206554
0.790301
0.048185
0.292800
0.056078
0.191875
0.025419
0.149628
0.352814
0.106763
0.273340
0.396736
0.654934
0.066853
0.127422
0.041341
1.222664
0.654327
0.194109
0.461343
0.183992
0.244266
0.023337
0.351900
0.034159
0.437272
0.380847
0.308389
0.009208
0.090289
0.076330
0.111625
0.022931
0.690988
0.201748
0.091150
0.126452
0.148191
0.229444
0.181252
0.629539
0.171773
1.212066
0.476666
0.058460
0.666950
0.030928
0.425182
0.119760
0.525881
0.506346
0.409878
0.390198
0.090845
0.021095
0.128951
0.047646
0.296821
0.106200
0.928398
0.256089
0.432169
0.035542
0.495152
0.640200
0.166900
0.233012
0.361840
0.048044
0.174573
0.127150
0.039566
0.114532
0.017652
0.006538
0.036305
0.824988
0.199366
0.844044
0.141628
0.093425
0.176377
0.144737
0.027919
0.255987
0.060849
0.241625
0.262599
0.041226
0.015828
0.379399
0.153954
0.014981
1.317983
0.014879
0.296890
1.028825
0.068340
0.038360
0.032352
0.090341
0.026631
0.294545
0.016079
0.178043
1.428220
0.420462
0.238771
0.091412
0.244472
0.187187
0.138818
0.035020
0.544218
0.149361
0.054111
0.114621
0.133664
0.439394
0.330703
0.366665
0.002773
0.134530
0.164129
0.004845
0.075213
0.357081
0.036867
0.191596
0.060582
0.003049
0.069005
0.931114
0.404288
0.802087
0.167286
0.029059
0.198496
0.151457
0.465048
0.025808
0.167475
0.040644
0.098141
0.334240
0.161575
0.117856
0.125415
0.153791
0.384299
0.556602
0.777140
0.386502
0.094733
0.291296
0.143887
0.073482
0.459511
0.009796
0.580091
0.154731
0.253477
0.269228
0.563729
0.253111
0.237936
0.017244
0.182665
0.040679
0.334313
0.179474
0.285037
0.010642
0.022151
0.314980
0.018704
0.018481
0.003046
0.783757
0.334384
0.108949
0.087934
0.107582
0.372529
0.270712
0.051202
0.047823
0.025895
0.269925
0.361376
0.076987
0.005292
0.021436
0.859414
0.087547
0.366576
0.244983
0.120292
0.057570
0.032353
0.238636
0.372507
0.258139
0.188916
0.010714
0.864353
0.400757
0.086618
0.977635
0.230251
0.218321
0.344654
0.417522
0.267126
0.034269
0.103223
0.658063
0.063599
0.116370
0.141442
0.144689
0.237294
0.716509
0.068837
0.032385
0.054997
0.544926
0.259481
0.084185
0.423133
0.493987
0.468537
0.628100
0.072669
0.351667
0.154296
0.461288
0.325940
0.374527
0.266896
0.048830
0.196879
1.044482
0.692700
0.011033
0.045025
0.035313
0.323638
0.425642
0.060044
0.176230
0.459246
0.329941
0.195351
0.223112
0.177502
0.088295
0.208115
0.291898
0.516529
0.252851
0.357950
0.043610
0.154769
0.002344
0.070816
0.324078
1.201209
0.026112
0.128330
0.402448
0.057050
0.202468
0.330193
0.239269
0.052071
0.109775
0.382878
0.201986
0.001311
0.357813
0.008987
0.342343
0.056562
0.792959
0.114693
0.098977
0.040303
0.091178
0.523184
1.402187
0.114839
0.148829
0.320097
0.543319
0.224763
0.124200
0.133022
0.297368
0.000806
0.241626
0.109817
0.395209
0.024401
0.221806
0.163950
0.257033
0.016763
0.216865
0.206090
0.205620
0.231262
0.282114
0.408675
0.078616
0.435813
0.172416
0.020047
0.015084
0.101706
0.384160
0.307477
0.388518
0.182074
0.145043
0.039882
0.099446
0.142299
0.023193
0.062312
0.227966
0.332633
1.601368
0.676189
0.257201
0.136720
0.252772
0.385038
0.031486
0.131868
0.457837
0.121059
0.212083
0.221543
0.050981
0.112447
0.101808
0.006636
0.006122
0.445497
0.079732
0.182494
0.088714
0.706199
0.075039
0.140379
0.515362
0.461185
0.051480
0.405686
0.153209
0.164913
0.035818
0.021009
0.325433
0.171524
0.143553
0.326878
0.362589
0.043264
0.235547
0.036359
0.347952
0.267474
0.784408
0.017863
0.014687
0.082887
0.075853
0.070915
0.591793
0.071769
0.079346
0.356153
0.149341
0.374822
0.016900
0.167148
0.008548
0.016175
0.592281
0.037486
0.190047
0.132373
0.106676
0.575230
0.005516
0.272505
0.826889
0.205341
0.690452
0.013418
0.135662
0.075330
0.328095
0.994769
0.074107
0.265455
0.055192
0.208292
0.155874
0.893935
0.234460
0.107506
0.030287
0.040997
0.063825
0.072243
0.475309
0.205941
0.185265
0.030477
0.491778
0.320767
0.017517
0.307609
0.196063
0.021315
0.153261
0.165750
0.045313
0.728299
0.474239
0.276426
0.155112
0.132657
0.263152
0.197102
0.016074
0.179618
0.410495
0.153695
0.013339
0.385770
0.056212
0.074811
0.044993
0.100200
0.353418
0.183173
0.057316
0.525586
0.529196
0.511170
0.068214
0.150023
1.049754
0.369616
0.006886
0.016857
0.155873
0.599830
0.193428
0.172195
0.027865
0.267346
0.431638
0.119678
0.373594
0.834391
0.056966
0.185233
0.084617
0.393583
0.215447
0.251679
0.399766
0.126033
0.616541
0.190372
0.042980
0.297599
0.394075
0.095228
0.486541
0.591496
0.081053
1.026424
0.037913
0.056417
0.050904
0.561055
0.265541
0.041249
0.145099
0.238822
0.021789
0.535151
0.406905
0.175904
0.853773
0.135219
1.035521
0.275595
0.251739
0.045367
0.534115
0.139431
0.044254
0.003172
0.205106
0.187376
0.317665
0.552406
0.020684
0.328723
0.051883
0.488294
0.427402
0.194564
0.309678
0.094347
0.159271
0.430983
0.153707
0.110713
0.170410
0.440428
0.102070
0.047718
0.311211
0.437144
0.026517
0.068568
0.038280
0.106905
0.149619
0.345403
0.263277
0.242508
0.108611
0.460417
0.159327
0.967061
0.251378
0.033744
0.281890
0.098299
0.289851
0.018046
0.048057
0.484030
0.064427
0.453564
0.081875
0.257422
0.296166
0.179696
0.091073
0.059769
0.008438
0.090582
0.264725
0.696387
0.512382
0.363178
0.388320
0.273395
0.075373
0.594314
0.277721
0.205496
0.029412
0.148124
0.154212
0.499813
0.197772
0.119671
0.940904
0.029336
0.137283
0.010733
0.336676
0.625493
0.082139
0.488584
0.086405
0.604135
0.350567
0.408569
0.004543
0.822931
0.324270
0.090871
0.442101
0.082655
0.515408
0.029859
0.304084
0.194512
0.025379
0.069233
0.003120
0.158139
0.089621
0.228048
0.088184
0.089140
0.339858
0.012335
0.582991
0.478082
0.275508
0.224872
0.557107
0.051243
0.020565
0.068448
0.395673
0.008821
0.218551
1.347472
0.483958
0.184246
0.016439
0.445017
0.228435
0.030523
0.024640
0.600952
0.276561
0.441943
0.527948
0.212025
0.182166
0.140717
0.095296
0.142554
0.371672
0.230278
0.557620
0.146468
0.233543
0.249448
0.223937
0.303198
0.067766
0.179546
0.027516
0.121335
0.167195
0.264049
0.751603
0.229480
0.340248
0.176440
0.251352
0.018393
0.073389
0.112297
0.159898
0.011681
0.037713
0.081022
0.889750
0.100623
0.164465
0.054569
0.235903
0.082363
0.057981
0.181714
0.001380
0.001923
0.061817
0.009353
0.028580
0.103448
0.405613
0.212186
0.179702
0.086854
0.671158
0.126466
0.022780
0.239973
0.030214
0.105865
0.177021
0.518310
0.170081
0.302883
1.234004
0.035244
0.080303
0.125457
0.136971
0.132341
0.595437
0.312969
0.234063
0.092539
0.434020
0.775610
0.430369
0.000392
0.252926
0.013122
0.074469
0.015342
0.231456
0.290061
0.030397
0.121062
0.152310
0.115133
0.032250
0.135729
0.347754
0.018414
0.020894
0.109538
0.710649
0.276087
0.283822
0.112323
0.225142
0.002546
0.252716
0.611288
0.237057
0.517271
0.321814
0.032117
0.581856
0.017189
0.190875
0.038328
0.002944
0.137060
0.087404
0.166383
0.215214
0.011181
0.032813
0.204475
0.105082
0.326569
0.264098
0.467059
0.294814
0.140500
0.279423
0.080527
0.091434
0.388957
0.147837
0.400343
0.432087
0.487213
0.621132
0.140962
0.095999
0.218187
0.115975
0.229745
0.305692
0.291513
0.117322
0.045638
0.140762
0.038461
0.552039
0.106115
0.041945
0.006444
0.259489
0.253271
0.104108
0.018603
0.131751
0.093207
0.282619
0.232711
0.113373
0.061441
1.106463
0.151285
0.291408
0.037867
0.166184
0.006981
0.176029
0.831180
0.121211
0.009944
0.007861
0.122750
0.043596
0.005907
0.352866
0.153364
0.085357
0.575854
0.030864
0.780431
0.094207
0.548217
0.230919
0.438193
1.033997
0.085062
0.811918
0.123362
0.121741
0.104026
0.194898
0.041852
0.201697
0.195060
0.358768
0.448415
0.145152
0.090003
0.075052
0.054111
0.014844
0.104808
0.078763
0.848437
0.203947
0.106651
0.217154
0.037472
0.146766
0.246032
0.167796
0.128449
1.272760
0.530723
0.244147
0.210631
0.242331
0.056196
0.125689
0.010065
0.161349
0.195781
0.064612
0.831259
0.600476
0.320162
0.190564
0.509996
0.035003
0.390770
0.033332
0.395226
0.080661
0.524077
0.720789
0.040276
0.155288
0.990663
0.165125
0.497945
0.222127
0.117633
0.084142
0.056795
0.358659
0.122160
0.178989
0.169479
0.215261
0.501691
0.987423
0.130887
0.439367
0.361541
0.213053
0.781159
0.055934
0.028927
0.480972
0.144575
0.469278
0.558942
0.016123
0.537390
0.148696
0.178558
0.246271
0.652218
0.004825
0.161969
0.290965
0.320670
0.294846
0.036093
0.088953
0.111071
0.407968
0.081696
0.059154
0.789257
0.002226
1.532206
0.282387
0.440748
0.087254
0.003605
0.334728
0.449160
0.337227
0.038536
0.350025
0.366251
0.268632
0.363232
0.467573
0.237723
0.023195
0.167176
0.020207
0.130869
0.130685
0.017072
0.107242
0.029414
0.412871
0.737632
0.018766
0.775914
0.184838
0.089014
0.019994
0.173599
0.395596
0.306969
0.012883
0.018924
0.128906
0.087492
0.066117
0.082475
0.406751
0.662073
0.129842
0.591411
0.096966
0.161774
0.064055
0.255744
0.965583
0.231265
0.110719
0.260901
0.032789
0.548790
0.174834
0.149164
0.220391
0.245063
0.018620
0.286912
0.069245
0.312899
0.432245
0.407357
0.201020
0.183581
0.038543
0.373299
0.079161
0.171640
0.083614
0.035918
0.248264
0.013966
0.345222
0.095530
0.000034
0.178914
0.011996
0.080800
0.306876
0.016185
0.457114
0.000957
0.070864
0.337639
0.095048
0.026866
0.111663
0.078812
0.462419
0.093982
0.388894
0.556110
0.142210
0.601829
0.118430
0.831604
0.023383
0.290403
0.170213
0.122612
0.250402
0.304228
0.001093
0.045666
0.312108
0.274442
0.845698
0.357862
0.752827
0.303119
0.088474
0.027835
0.380613
0.258311
0.012346
0.111591
0.785478
0.173487
0.141730
0.152984
0.058577
0.114996
0.115435
0.013444
0.364789
0.134680
0.431746
0.474861
0.059562
0.267764
0.159798
0.530393
0.060754
0.283156
0.233965
0.087496
0.036720
0.263630
0.335423
0.094813
0.258792
0.125686
0.312249
0.055541
0.552308
0.084712
0.114632
0.014962
0.029559
0.181346
0.077855
0.451181
0.003701
0.119144
0.102875
0.004879
0.033202
0.133456
0.169744
0.129500
0.189255
0.226048
0.002493
0.155950
0.827606
0.182989
0.282946
0.093442
0.371796
0.370615
0.184168
0.932569
0.033540
0.004273
0.367591
0.411468
0.032017
0.077170
0.004427
0.086790
0.370858
0.182432
0.106964
0.116200
0.000339
0.089098
0.259939
0.914291
0.469429
0.005969
0.572073
0.382193
0.378960
0.153120
0.126877
0.090212
0.016988
0.064769
0.070791
0.165449
0.344031
0.160523
0.014896
0.791273
0.714970
0.384500
1.186911
0.196580
0.822649
0.019654
0.113801
0.063846
0.054487
0.037939
0.243489
0.380039
0.215864
0.039738
0.416666
0.252619
0.122823
0.280314
0.075244
0.105853
0.623696
0.085800
0.158714
0.552140
0.307512
0.016056
0.039838
0.001968
0.249187
0.148404
0.036047
0.792130
0.188575
0.069233
0.173589
0.284562
0.019826
0.080294
0.411222
0.153891
0.197733
0.141768
0.011223
0.045305
0.147441
0.058673
0.012818
0.463914
0.993375
0.393932
0.480669
0.069260
0.808669
0.054827
0.756186
1.315703
0.310958
0.992727
0.210725
0.075122
0.143617
0.225080
0.018972
0.243442
0.993180
0.052713
0.393271
0.596217
0.719272
0.805568
0.184254
0.946435
0.353993
0.044086
0.161996
0.316756
0.071036
0.255840
0.274603
0.044393
0.208151
0.369194
0.172735
0.003044
0.002270
0.110414
0.651579
0.064912
0.251529
0.062782
0.097030
0.471038
0.326281
0.025065
0.139961
0.007401
0.163910
0.271499
0.031533
0.085230
0.126807
0.629971
1.249739
0.011488
0.357831
0.116194
0.124584
0.350875
0.626562
0.753620
0.215168
0.110450
0.387261
0.072255
0.207571
0.111017
0.267237
0.068740
0.053172
0.625989
0.026842
0.176284
0.062389
0.009927
0.009171
0.048160
0.503920
0.082988
0.751240
0.217843
0.143448
0.216928
0.181779
0.355508
0.082994
0.108872
0.561302
0.731815
0.557702
0.135944
0.378948
0.161726
0.172060
0.057253
0.223590
0.051490
0.100704
0.482807
0.058007
0.018454
0.017876
0.706643
0.176771
0.131659
0.416342
0.451707
0.100938
0.295731
0.368642
0.265800
0.041099
0.521633
0.193641
0.082986
0.138446
0.009574
0.034203
0.362625
0.000003
0.134706
0.184803
0.014046
0.903704
0.064086
0.090673
0.090581
0.065477
0.000369
0.326727
0.851644
0.063495
0.271953
0.338598
0.471669
0.137318
0.090218
0.098370
0.311739
0.424266
0.050105
0.115883
0.580544
0.410870
1.047577
0.350858
0.124887
0.223289
0.270449
0.020426
0.196588
0.308884
0.045777
0.379251
0.219131
0.760296
0.010837
0.077082
0.230046
0.087943
0.313312
0.355745
0.027040
0.180312
0.177772
0.115224
0.675485
0.439349
0.298678
0.313227
0.154842
0.634560
0.296529
0.326392
0.494566
0.080076
0.411358
0.054303
0.105911
0.102222
0.960222
0.485420
0.301970
0.324623
0.206426
0.734794
0.171423
0.119718
0.044493
0.385685
0.331482
0.121271
0.006379
0.456584
0.002871
0.304096
0.878791
0.143913
0.066961
0.305086
0.424742
0.197652
0.853079
0.013263
0.175696
0.316865
0.496288
0.049386
0.402364
0.201135
0.126275
0.035309
0.501168
0.042778
0.092689
0.085639
0.512789
0.279222
0.398245
0.072077
0.245123
0.212010
0.447187
0.591347
0.003058
0.280230
0.013307
0.198994
0.084790
0.091601
0.108836
0.242748
0.101635
0.329845
0.129600
0.017700
0.382841
0.084133
0.141746
0.289148
0.101038
0.014562
0.117070
0.722612
0.256620
0.278289
0.250110
0.055471
0.135465
0.347515
0.026722
0.081382
0.080851
0.141417
0.982658
0.017472
0.182817
0.049419
0.882342
0.030063
0.129211
0.334743
0.304818
0.137361
0.106362
0.126714
0.076725
0.057458
0.164947
0.078176
0.084730
0.267328
0.864738
0.231356
0.020026
0.019648
0.756152
0.088203
0.024146
0.228476
0.244308
0.261390
0.077790
0.003807
0.838212
0.072218
0.281773
0.306580
0.235407
0.093822
0.079053
0.227620
0.502657
0.733113
0.027986
0.042054
0.723910
0.333459
0.536382
0.056610
0.221432
0.301945
0.284946
0.131126
0.003879
0.218623
0.072957
0.149575
0.790040
0.127305
0.457836
0.052230
0.279037
0.943141
0.026867
0.002089
0.142106
0.024300
0.344963
0.614952
0.142300
0.074841
0.142469
0.321339
0.002274
0.222567
0.237521
0.253813
0.069275
0.312987
0.023960
0.055558
0.524850
0.335544
0.003460
0.071380
0.060329
0.078954
0.071108
0.016142
0.153557
0.329877
0.233316
0.279351
0.021158
0.756500
0.455800
0.408805
0.432879
0.674688
0.196455
0.055874
0.239789
0.339555
0.334774
0.184248
0.017729
0.115951
0.633839
0.219537
0.193227
0.078285
0.114894
0.564274
0.274500
0.387070
0.151442
0.248730
0.071382
0.305586
0.139480
0.146094
0.261972
0.688317
0.016537
0.435376
0.086463
0.146711
0.005539
0.089543
0.174606
0.014454
0.168874
0.654703
0.027843
0.361448
0.131769
0.266179
0.075356
0.043437
0.043726
0.018275
0.051340
0.272824
0.533613
0.420671
0.288902
0.029255
0.085337
0.092696
0.071906
0.180905
0.191727
0.110358
0.109157
0.440874
0.389322
0.091969
0.612738
0.763420
0.098907
0.109403
0.176120
0.708067
0.522513
0.027054
0.124696
0.201507
0.174858
0.053875
0.489424
0.282480
0.454898
0.489331
0.344935
0.144602
0.235753
0.043697
0.279943
0.049385
0.296001
0.065211
0.031264
0.045166
0.000499
0.317119
0.329566
0.180867
0.043994
0.021813
0.004829
0.045305
0.553771
0.069115
0.109344
0.027829
0.062873
0.183089
0.233966
0.070376
0.014866
0.123998
0.066710
0.061972
0.803863
0.239474
0.203478
0.134367
0.140067
0.194625
0.298036
0.302788
0.047093
0.173343
0.132739
0.511071
0.249524
0.190091
0.030653
0.232621
0.031165
0.102823
0.038533
0.294474
0.057747
0.124337
0.565061
0.057138
0.177220
0.135868
0.004573
0.393467
0.017886
0.160735
0.205631
0.247502
0.291695
0.073014
0.002507
0.321335
0.191783
0.452152
0.430635
0.463397
0.165943
0.101477
0.392024
0.150048
0.050664
0.482711
0.535457
0.156985
0.019680
0.122685
0.406821
0.580121
0.056873
0.017330
0.524606
0.123330
0.195091
0.861020
0.017221
0.261257
0.019249
0.117689
0.407174
0.142057
1.467963
0.204711
0.096843
0.062151
0.107896
0.116516
0.017797
0.115340
0.156017
0.320698
0.267309
0.308407
0.002100
0.061369
0.270944
0.165407
0.001332
0.408042
0.370492
0.198750
0.017194
0.363659
0.219095
0.380769
0.348327
0.406141
0.182457
0.037800
0.278044
0.242208
0.338944
0.046547
0.054221
0.552751
0.346551
0.597113
0.355444
0.227301
0.265425
0.549845
0.216166
0.250184
0.042542
0.160576
0.315045
0.079001
0.056491
0.094156
0.069103
0.060490
0.138281
0.596053
0.176842
0.052039
0.020024
0.297810
0.120640
0.431256
0.269343
0.397705
0.079345
0.294705
0.076652
0.699501
0.252908
0.098080
0.078511
0.052966
0.296567
0.061704
0.226154
0.076847
0.271154
0.421768
0.376298
0.357667
0.051978
0.023134
0.300119
0.114854
0.141561
0.007911
0.075133
0.008564
0.528375
0.069729
0.203737
0.009940
0.274789
0.097531
0.570498
0.547578
0.098368
0.578060
1.390419
0.436337
0.465875
0.071590
0.214920
0.017406
0.024932
1.701438
0.098869
0.344764
0.410833
0.488023
1.511037
0.069102
0.010297
0.132414
0.034839
0.005670
0.111739
0.382816
0.208782
0.093774
0.265576
0.065997
0.003621
0.361355
0.244371
0.359189
0.009929
0.453685
0.241584
0.207182
0.244950
0.499573
0.221038
0.217441
1.168876
0.353396
0.145981
0.307235
0.123259
0.064976
0.227113
0.658405
0.661761
0.104602
0.187523
0.059449
1.358312
0.992385
0.262105
0.407939
0.313904
0.224833
0.013706
0.151634
0.280818
0.282938
0.116751
0.710504
0.045788
0.173467
0.293510
0.298618
0.261485
0.080495
0.042462
0.252609
0.228637
0.049416
0.305313
0.151821
0.275475
0.454065
0.046501
0.004833
0.377514
0.235208
0.300693
0.455279
0.405898
0.810537
0.191933
0.167600
0.128494
0.041718
0.212513
0.081091
0.635552
0.218782
0.224637
0.109597
0.013347
0.008065
0.137624
0.022089
0.233389
0.532101
0.536213
0.269001
0.059321
0.496938
0.543094
0.054742
0.334306
0.084400
0.405682
1.472941
0.007622
0.569146
0.243633
0.906548
0.156377
0.469964
0.016106
0.102097
0.017342
0.925675
0.424532
0.478562
0.695015
0.022236
0.121776
0.018421
0.059182
0.065135
0.158299
0.078186
0.026612
0.045828
0.039830
0.903692
0.356043
0.858648
0.144839
0.081560
0.400235
0.098725
0.088949
0.066156
0.034723
0.074084
0.109750
0.280210
0.016152
0.059091
0.413901
0.039726
0.104883
0.499989
0.042083
0.021590
0.165673
0.090034
0.207189
0.407161
0.036878
0.217292
0.176056
0.038894
0.244541
0.079928
0.167277
0.021464
0.153854
0.091488
0.432029
0.014667
0.135582
0.153321
0.322752
0.213498
0.275063
0.375201
0.495493
0.094174
0.193060
0.458314
1.137934
0.550729
0.116092
0.054280
0.168039
0.338352
0.169599
0.165016
0.455396
0.112121
0.491162
0.130558
0.099461
0.151279
0.359341
0.033669
0.054669
0.756264
0.048242
0.209675
0.216467
0.168152
0.258730
0.065285
0.201110
0.116373
0.270931
0.038062
0.211503
0.051225
0.081655
0.061702
0.050479
0.436760
0.084116
0.654748
0.876028
0.211726
0.038580
0.117320
0.399541
0.114476
0.022760
0.203425
0.466278
0.397319
0.048130
0.279269
0.062277
0.061541
0.518011
0.071810
0.076376
0.000163
0.511345
0.393270
0.246765
0.346839
0.041233
0.153272
0.108165
0.024617
0.166446
0.633754
0.010221
0.086138
0.058154
0.068000
0.597675
0.157810
0.156980
0.357379
0.041954
0.166999
0.140523
0.227149
1.930882
0.366821
0.126819
0.439416
0.046796
0.007734
0.057180
0.104035
0.178634
0.238712
0.603675
0.178263
0.173925
0.012887
0.008884
0.200272
0.144143
0.456868
0.043791
0.006322
0.149023
0.067781
0.012722
0.322381
0.029581
0.234327
0.082491
0.047638
0.119409
0.404173
0.124434
0.347344
0.033522
0.370450
0.067602
0.282830
0.208552
0.661779
0.122479
0.017114
0.004835
0.438412
0.185971
0.373185
0.066782
0.105812
0.007642
0.814224
0.275556
0.676532
0.077140
0.236342
0.283689
0.095516
0.471148
0.735129
0.540391
0.335873
0.081247
0.082688
0.826656
0.002584
0.314739
0.306253
0.243672
1.154029
0.093448
0.103868
0.020557
0.146207
0.075631
0.105165
0.449804
0.685212
0.051367
0.116506
0.659971
0.015950
0.024227
0.044420
0.226098
0.040769
0.861102
0.147970
0.174047
0.070809
0.159173
0.271113
0.347754
0.350472
0.215623
0.586790
0.425125
0.353723
0.014303
0.001725
0.059706
0.272307
0.132416
0.128711
0.539809
0.564792
0.599706
0.094175
0.293649
0.079238
0.052869
0.051029
0.104678
0.140511
0.444389
0.031927
0.331936
0.189531
0.084900
0.169722
0.089148
0.226636
0.142221
0.044903
0.030990
0.197798
0.581753
0.105382
0.330127
0.268720
0.670431
0.430066
0.209027
0.267528
0.571645
0.127506
0.098926
0.002717
0.437968
0.403588
0.027581
0.215011
0.155897
0.031592
0.985211
0.060421
0.017400
0.225873
0.335681
0.008245
0.268761
0.189978
0.027249
0.047344
0.209818
0.087871
0.696432
0.426956
1.027119
0.075165
0.874347
0.141071
0.106743
0.012915
0.013552
0.294423
0.153090
0.064214
0.237960
0.072875
0.215469
0.111263
0.433683
0.429668
0.162211
0.108011
0.112574
0.409607
0.099441
0.058633
0.022123
0.157165
0.164509
0.459569
0.062513
0.119909
0.413094
0.433784
0.121375
0.153641
0.090345
0.674110
0.031573
0.678578
0.287898
0.189593
0.008301
0.161373
0.130956
0.043951
0.267076
0.886419
0.206492
0.313600
0.017726
0.135178
0.030926
0.237201
0.697107
0.271013
0.019978
0.109497
0.199996
0.129047
0.448406
0.421406
0.236579
0.116885
0.073706
0.027977
0.109587
0.133256
0.281616
0.268353
0.018172
0.125739
0.050156
0.042642
0.439053
0.010705
0.135830
0.046042
0.528674
0.203569
0.065790
0.174503
0.328713
0.793225
0.062258
0.543288
0.680680
0.620489
0.252248
0.248442
0.129048
0.348983
0.189445
0.282865
0.139854
0.328723
0.434988
0.039584
0.447335
0.194293
0.465544
0.141101
0.119122
0.616455
0.072311
0.464815
0.165422
0.180436
0.092212
0.212768
0.098339
0.010015
0.079363
0.001600
0.958243
0.843497
0.125696
0.325829
0.106088
0.277995
0.409241
0.733219
0.127795
0.382308
0.077287
1.159741
0.006527
0.231288
0.269339
0.291225
0.032068
0.697301
0.049974
0.243714
0.062975
0.091759
0.197667
0.134975
0.043655
0.046865
0.135383
0.353965
0.570609
0.021970
0.124849
0.026408
0.004183
0.270969
0.230608
0.044489
0.066582
0.005998
0.450372
0.919145
0.036389
0.065821
0.507015
0.652494
0.136021
0.012987
0.010047
0.213300
0.124763
0.007268
0.218819
0.002842
0.387053
0.091477
0.010273
0.221897
0.126743
0.910503
0.196425
0.080478
0.308985
0.079189
0.586486
0.117390
0.199554
0.012974
0.138834
0.446489
0.409522
0.063503
0.064071
0.424985
0.666242
0.025055
0.149486
0.102916
0.511383
0.021805
0.059287
0.349054
0.013164
0.169582
0.145897
0.101767
0.125455
0.188724
0.043996
0.212156
0.409244
0.356947
0.041779
0.040409
0.078053
0.111992
0.131255
0.284622
0.014588
0.008822
0.124358
0.298641
0.053743
0.256460
0.075218
0.543078
0.565097
0.088202
0.065339
0.132461
0.068784
0.278978
0.437268
0.279519
0.434816
0.126456
0.042495
0.334806
0.111757
0.278130
0.078898
0.021180
1.225955
0.042460
1.114640
0.946127
0.394749
0.269278
0.215573
0.502668
0.085425
0.157628
0.241495
0.132413
0.139430
0.100226
0.207661
0.475239
0.056264
0.681171
0.292061
0.433288
0.203090
0.377983
0.004083
0.426460
0.010242
0.551622
1.205917
0.087059
0.059031
0.362429
0.072931
0.501664
0.027131
0.033656
0.967619
0.280091
0.469145
0.098012
0.282126
0.225499
0.231049
0.286845
0.214128
0.140119
0.080714
0.365882
0.064134
0.294702
0.066426
0.245428
0.343669
0.061703
0.015454
0.035095
0.232849
0.473359
0.011510
0.331207
0.104379
0.162775
0.660775
0.100856
0.156530
0.003444
0.021280
0.074801
0.007062
0.249494
0.138955
0.198599
0.047986
0.087720
0.272530
0.840274
0.012933
0.552694
0.215026
0.207482
0.173426
0.017980
0.023544
0.229643
0.104242
0.623037
0.130468
0.038661
0.313570
0.086806
0.186358
0.299194
0.576307
0.392784
0.282032
0.284572
0.729344
0.087682
0.000278
0.079348
0.061440
0.271055
0.251084
0.225019
0.004094
0.326204
0.097717
0.273448
0.203309
0.104915
0.036134
0.024795
0.445232
0.626474
0.262304
0.027296
0.128553
0.326353
0.378328
0.031453
0.000008
0.311318
0.110246
0.073419
0.003245
0.194295
0.476205
0.790338
0.208531
0.180624
0.022223
0.199001
0.119501
0.233572
0.123053
0.068708
0.024945
0.094554
0.025410
0.048668
1.092251
0.146793
0.189753
0.517113
1.354777
0.218496
0.418459
0.098981
0.091229
0.128836
0.279072
0.286577
0.094672
0.035740
0.250187
0.034335
0.215979
0.295571
0.301503
0.350070
0.515615
0.173266
0.327564
0.241352
0.051645
0.006506
0.083708
0.146313
0.239999
0.474212
0.054615
0.033540
0.827473
0.028585
0.162757
0.220209
0.194880
0.022490
0.014679
0.027868
0.220223
0.196505
0.066559
0.253872
0.428793
0.010617
0.172354
0.292240
0.072692
0.091960
0.237745
0.570537
0.415083
0.218745
0.327539
0.113463
0.256084
0.156925
0.052661
0.302446
0.203244
0.111034
0.605734
0.005289
0.094866
0.014641
0.363673
0.302756
0.100624
0.281493
0.126019
0.352907
0.151368
0.132876
0.682305
0.072214
0.032085
0.219594
0.871051
0.118639
0.016011
0.103616
0.176270
0.044161
0.268311
1.524138
0.150251
0.109521
0.128000
0.030583
0.536981
0.133961
0.122460
0.269475
0.145864
0.261197
0.015854
0.420131
0.705461
0.261575
0.772873
0.041051
0.162242
0.230204
0.217911
0.128316
0.103154
0.033905
0.124289
0.044382
0.331409
0.058561
0.015088
0.200945
0.226109
0.513762
0.215085
0.105964
0.406153
0.194284
0.020650
0.208592
0.596542
0.126175
0.087860
0.038716
0.041055
0.141748
0.226387
0.021013
0.701562
0.351761
0.220849
0.440704
0.020896
0.161966
0.248626
0.441016
0.382506
0.081110
0.707047
0.033196
0.520128
0.884600
0.048746
0.320093
0.010280
0.129976
0.181564
0.217260
0.686973
