# Poisson Arrival Times Generated
# Generated on: 2025-10-27 15:45:02
# Arrival time: 1 seconds (avg inter-arrival time)
# QPS: 1.0000 queries per second
# Number of queries: 4322
# Random seed: 42
# Format: One delay value per line (seconds)
#
0.469268
3.010121
1.316746
0.912943
0.169625
0.169596
0.059839
2.011231
0.919082
1.231250
0.020799
3.503557
1.786430
0.238688
0.200679
0.202611
0.362754
0.743928
0.565537
0.344223
0.946371
0.150235
0.345516
0.456277
0.608935
1.537936
0.222736
0.722029
0.897505
0.047564
0.935333
0.186961
0.067264
2.973688
3.370630
1.652332
0.363288
0.102777
1.152751
0.580091
0.130152
0.683547
0.034994
2.400423
0.299458
1.086256
0.373547
0.734111
0.791224
0.204389
3.492807
1.492245
2.805094
2.252152
0.911054
2.549435
0.092655
0.218135
0.046282
0.393532
0.492130
0.316560
1.764558
0.441227
0.329803
0.782407
0.151898
1.620484
0.077476
4.334146
1.479484
0.221539
0.005537
1.689897
1.227096
1.305663
1.475215
0.076929
0.443893
0.123150
1.988530
0.976301
0.401819
0.065668
0.372488
0.393314
1.307876
1.014889
2.182252
0.639066
0.127372
1.249126
1.430393
0.823887
1.473890
0.680815
0.739679
0.557814
0.025748
0.114167
0.031934
1.011730
0.377397
0.710437
2.381266
0.286739
0.528282
1.408749
0.259805
0.080104
0.342140
0.175808
2.654950
1.650887
1.003494
2.051520
1.627969
0.206495
2.230813
0.775100
1.647348
2.264243
0.382731
0.116592
0.258687
0.557058
1.703830
1.971345
0.006976
0.714876
0.540273
0.251167
0.127680
0.411909
2.863121
0.390384
0.731453
1.214087
0.451974
3.567798
3.282010
0.290061
0.687659
0.357930
0.335250
0.037584
0.940492
0.698520
0.052851
0.326626
2.388861
0.273861
0.156531
0.672272
4.244037
0.277145
1.115155
1.433888
0.271333
1.302749
0.458523
1.000504
1.003838
0.767385
0.094629
1.803645
0.386810
0.206432
0.041630
0.893778
1.131852
0.016727
0.717631
0.256824
1.036124
0.191604
1.174213
0.488959
2.760344
0.147944
0.417132
0.120444
2.586190
2.098334
0.298327
1.078763
1.699484
0.810132
0.754279
0.276877
0.097726
2.275123
2.306774
1.002670
0.414047
0.429568
1.294465
2.274097
2.181133
1.513562
1.027311
0.087892
0.176294
2.288231
0.932494
0.009240
0.106997
1.089162
0.005074
0.175316
0.795698
1.177315
1.055441
0.253950
1.245417
0.270824
0.393635
1.372358
1.048774
1.891956
1.071813
0.840044
0.098357
0.458416
0.308160
0.279700
3.612309
0.499387
2.226055
0.997334
1.583825
0.698435
0.860156
0.678293
0.217215
1.281762
0.329577
0.024616
1.036969
0.194934
2.821083
3.077562
2.463510
0.462287
0.015577
2.635523
0.558938
3.400842
3.313735
1.917387
0.348776
0.486292
1.904727
0.381146
0.185719
0.813737
2.751293
1.190826
0.844112
0.102228
0.954531
4.610570
0.150921
0.730495
2.098609
1.350034
1.194074
1.212288
0.445492
0.347562
1.657375
1.661328
2.017950
2.444616
0.716093
0.696184
1.600950
1.049719
1.210551
1.588619
2.207323
0.412482
0.470937
0.098696
0.863414
0.036604
0.626607
0.782295
0.337631
0.893633
0.030975
0.038063
1.729351
0.446585
0.135889
0.738654
1.469648
0.243118
0.975220
0.089211
0.053065
0.757909
0.777910
1.014537
1.294961
3.723557
0.726291
0.390020
1.585654
0.315851
0.577983
0.081705
0.025678
3.287380
1.807768
1.190643
0.525860
0.190307
0.170121
0.288006
0.796791
1.253849
1.079390
0.328412
3.098103
1.339017
0.808230
0.946030
0.544038
0.284661
0.440014
1.418182
0.014498
0.123380
0.047094
0.041581
1.934203
1.216241
0.642785
0.102957
0.676518
0.641450
0.190195
0.568899
0.508337
0.956722
1.008115
0.046362
0.469384
0.983125
0.699439
1.941349
1.074975
0.177853
0.073182
1.028394
0.026869
0.881347
2.817255
0.856782
0.491301
1.030827
0.612956
0.788814
2.838127
0.487928
3.249092
2.357576
0.217896
0.071884
0.106225
0.018390
0.099205
1.148875
0.073850
0.384157
1.863526
0.023547
1.684531
0.331083
0.125750
1.193155
0.991399
2.099416
1.328294
1.626996
0.331334
0.195333
1.388756
1.644209
4.657005
0.532079
0.465244
1.497955
0.416734
2.670138
1.954839
0.560356
1.389785
1.404633
0.108838
2.328446
0.703707
1.751333
0.385735
2.258791
0.492988
0.010897
2.357907
0.095726
0.384654
2.996972
3.007950
0.851997
0.999230
0.595015
0.347023
0.398486
1.116324
1.395838
1.568195
1.558831
0.095637
0.682050
0.059282
0.797461
0.582555
2.186619
0.432192
0.124506
0.154308
1.433431
0.962906
0.106609
0.087856
1.207208
0.075546
1.725186
1.225000
0.084849
0.088654
4.315459
0.468838
0.463055
1.675575
2.942165
4.268774
1.399899
0.472021
0.087194
1.501243
0.817360
0.552033
2.368238
0.117880
0.678505
0.011419
0.632354
0.057950
0.126491
0.125026
1.047568
1.370598
0.875554
3.274720
0.469797
0.336469
2.029503
0.253082
3.302870
0.012229
3.502527
0.044119
2.217721
0.750143
4.956829
0.076661
0.807110
3.483575
0.740444
0.992628
1.189901
0.606128
0.987674
0.877826
2.314233
0.046511
0.329843
3.003996
2.209676
0.608175
0.967933
0.324873
0.208404
0.623059
0.435954
0.876244
0.080922
3.664960
4.283866
1.197864
0.768078
0.370379
1.680907
1.154330
0.177474
2.418301
1.728995
2.991739
1.293604
0.950404
0.541703
2.699018
2.010392
0.046273
0.026721
0.472348
1.663648
4.364275
0.163010
0.901724
0.479474
3.503709
1.845913
1.822190
0.632416
0.535835
0.319389
0.058027
2.000426
1.676117
8.172446
5.694873
0.810652
1.465283
2.896172
1.894772
0.284152
0.598827
0.138296
3.080224
0.931848
0.259604
1.113830
0.962670
0.443420
0.120539
1.113441
0.734610
1.479807
0.734310
1.911770
0.802754
0.823115
2.092759
0.516647
0.143888
0.029205
1.407057
0.968399
1.217665
0.239481
0.146613
0.014651
0.431687
0.891397
0.497982
0.575320
2.345062
0.428103
0.721525
1.530872
0.505080
0.973090
1.983141
2.986190
0.159082
2.611663
0.677503
0.298735
0.614587
3.913653
0.678491
0.398616
1.003486
0.274628
0.078895
0.137975
0.137018
0.164760
0.149460
1.024084
0.200746
0.424139
2.270974
0.642381
1.101289
0.189129
0.213551
0.041727
0.185047
0.326548
0.194812
0.092886
0.128556
0.617629
0.231092
0.452981
0.700005
1.172457
0.040106
1.606494
0.988594
0.085295
2.068135
2.536694
0.063023
0.324177
1.640935
1.379357
0.203980
0.234899
0.462785
0.662663
0.963002
0.460313
0.620891
1.376229
0.037373
0.290937
1.249492
2.255767
0.716779
0.759530
0.113361
0.593143
0.760607
0.277693
0.313675
0.473665
0.020275
0.388725
0.237557
0.396749
0.127563
2.212080
0.900399
1.136633
1.556709
0.690036
0.090932
0.770258
0.883923
1.368217
0.565035
0.136485
0.333762
0.451115
1.038225
0.845782
0.440207
4.306196
0.930833
0.270795
0.107343
0.165888
0.282307
0.175165
0.206492
0.335606
0.190402
2.270751
0.083636
0.743412
0.528306
4.038642
0.118827
0.507258
3.489060
2.006244
1.698663
0.298275
0.187400
1.104560
2.650385
0.813650
0.847728
0.328475
1.467474
0.207078
0.391088
0.554145
0.708485
0.277613
0.121983
0.943200
0.340563
0.870453
0.167665
0.656121
0.760547
0.053215
0.410384
0.144349
0.065472
4.601201
0.389130
1.660071
0.293889
1.144141
1.428066
0.905447
0.637857
0.530758
0.429043
2.652556
1.775607
3.353176
0.132729
1.312551
2.786127
0.199956
0.068810
1.351393
0.854427
1.844077
0.150558
1.586050
0.225180
0.178715
0.179445
1.685103
1.094214
0.740376
0.444461
2.097203
0.498313
1.696083
0.578275
0.473120
0.621161
0.358645
1.376777
0.698603
0.264243
2.298340
0.484332
0.784282
2.369496
0.978799
0.124315
2.810617
0.988077
0.407826
0.149977
1.580001
0.967776
0.762414
2.243303
1.553990
0.164491
0.373563
0.285670
1.362368
0.034108
0.843714
1.437414
2.093667
0.418675
1.721808
0.117244
1.873744
0.136380
0.506315
1.596005
0.162422
0.260393
1.281043
1.273096
1.024844
1.184002
0.782469
0.290084
0.424183
0.200401
2.390876
0.875609
0.512246
0.619908
2.942824
0.166470
0.882445
0.704994
0.945344
0.018276
2.056694
2.689989
0.832715
1.192871
2.557469
1.228397
0.165511
0.858702
0.933221
0.551875
1.333490
2.723677
2.597876
0.599364
0.120179
4.189174
1.825718
0.133146
2.536308
2.039424
0.731551
0.894714
0.509165
0.056318
0.408265
1.623808
0.004643
0.405714
0.507778
0.770883
2.523925
0.425177
0.426106
1.337509
0.601878
0.254382
0.602282
0.151820
0.194055
0.689888
0.542876
2.463293
0.450035
0.868902
1.000391
0.013181
1.089268
0.196059
3.245998
0.160947
0.535501
0.089213
5.768082
0.697547
0.904819
0.069432
1.386136
0.235603
2.283315
0.229589
0.211570
0.037234
0.638786
0.832044
0.067967
1.494003
0.603835
0.743158
0.581181
0.512098
0.820163
0.168703
0.200805
1.978949
2.920912
0.467302
0.315731
1.032823
0.525490
0.025714
0.169784
1.258683
1.075650
0.027470
0.250993
0.262762
1.114415
0.019907
0.109936
1.609018
0.196678
1.057699
0.272049
0.104740
0.278620
1.281095
1.935836
1.773251
0.506142
1.102877
0.229393
0.346934
2.266599
0.013087
0.089387
0.233050
0.026891
0.200203
0.874769
0.547186
2.231863
1.700696
0.418273
0.300326
0.477540
0.892318
0.312062
0.978562
0.526636
0.803067
0.572925
0.348800
2.965267
1.442255
0.150954
2.028505
0.668320
2.249539
1.608714
0.553757
0.022726
0.312901
0.780088
1.003697
0.298255
0.150074
1.801387
4.160624
0.745895
0.188355
0.317876
0.018562
2.456889
0.125281
0.859241
0.320281
0.807836
1.053889
1.770439
0.231203
0.011057
0.147208
2.302772
2.070601
0.909844
0.917584
1.093734
0.192822
2.458210
0.542610
0.483111
0.731717
0.048105
0.181862
1.339539
0.086428
0.924202
0.281500
0.493142
0.340652
0.439548
1.269564
0.352572
0.835644
0.646360
1.089666
2.761922
1.318905
0.241996
0.031680
0.304169
0.904061
0.052795
0.685906
0.908429
0.406832
1.473650
0.112719
0.078111
1.302647
0.684170
1.166043
0.570624
0.282896
1.709824
1.606522
1.186449
0.317654
0.892161
0.447810
0.096051
2.492700
0.147130
3.000491
0.590601
0.204730
0.780670
2.063142
1.317608
1.642794
1.075238
1.178554
1.891772
0.287240
0.672218
0.250013
4.395558
2.883464
0.040225
1.222732
2.593584
0.199153
0.839203
2.470865
0.034536
1.195410
0.352895
2.582249
3.542470
2.887174
0.642861
1.980811
1.861427
0.384341
1.765598
0.037710
0.907009
0.261376
0.128478
0.080075
1.191678
0.415326
1.290136
0.067590
0.378760
0.775424
1.564097
0.383830
0.983209
2.171362
0.956757
0.265216
0.024703
2.040982
0.021499
2.077058
0.752764
2.797992
1.603373
6.182194
0.431879
1.457525
0.514049
0.653687
0.987533
2.068914
4.140397
1.462197
0.540884
0.547070
1.337818
0.272829
0.117067
0.437919
0.338609
0.351415
0.266061
0.043005
0.018036
4.399978
0.558220
0.485039
1.138333
0.246225
2.994956
1.543393
0.093664
0.540565
2.112943
2.895562
0.629987
0.950394
0.182762
4.729445
0.263538
2.860009
1.048813
0.935822
0.718852
0.262235
0.194226
0.249085
0.206333
1.512241
0.430976
0.059583
3.477084
2.152321
2.627655
5.280050
0.191034
0.504582
1.419803
1.190795
0.167113
1.691913
0.254171
0.253368
0.769973
0.898795
0.867706
0.095946
2.099325
0.308701
0.138705
2.195958
3.115676
1.981427
1.658187
1.064913
0.800415
0.091005
0.525014
0.466312
0.300772
1.285256
0.684932
0.084519
0.248696
1.149670
0.079185
1.905199
0.683487
0.655055
0.897488
1.741148
0.427418
1.133254
0.834093
0.310648
2.108911
1.596650
1.074267
1.901006
2.019621
1.232245
1.814087
1.195580
1.139874
0.963936
1.397220
0.172694
2.127546
2.054503
0.029684
1.747647
0.137964
0.408147
1.360659
0.175258
1.703567
1.784590
0.708195
0.006406
0.338327
0.959529
3.973163
0.999166
0.300840
1.005138
0.776497
1.513425
0.113147
1.431408
0.779286
3.296621
0.418356
1.001364
2.688661
0.108153
2.768254
1.164386
0.070248
0.358052
1.231591
0.069726
0.872682
0.424469
0.969996
0.046821
2.052113
3.630194
3.469836
1.384903
0.139361
1.419906
0.024894
0.022372
0.390986
0.670688
1.471449
1.149786
0.590415
0.319691
5.851529
0.555442
0.600362
0.178677
1.583817
1.183132
0.249449
0.085973
1.140996
1.062795
0.319186
3.013154
0.163764
0.566223
2.875568
0.544257
1.017565
0.506824
0.320502
4.133771
0.526505
2.245253
0.261306
0.239660
0.031629
1.054596
0.459699
1.997738
0.640953
3.448082
0.205212
2.029686
1.498777
1.473692
1.862933
1.431392
0.984089
0.140694
0.033067
2.536383
0.958808
1.592273
0.656858
0.124779
0.133744
1.156979
0.562656
0.223800
0.676476
0.066363
0.872205
0.313333
1.597307
0.371588
0.607374
0.011689
0.075205
0.498392
0.653809
0.916342
0.344835
1.187384
1.966988
1.513451
0.040425
0.654902
0.110854
0.277131
4.317183
0.153729
0.690926
0.962742
1.212223
0.820182
0.009819
0.395210
0.729213
0.091969
0.431748
0.033767
0.081838
0.505711
0.142389
0.838267
1.169459
1.612376
0.223331
0.183301
0.110449
1.011784
1.225795
0.032096
2.752194
0.053370
0.779351
1.234640
2.047704
1.252067
1.618116
0.414683
1.686455
0.083506
2.252050
0.793172
1.699898
0.602061
1.031639
0.747398
1.315238
0.085155
0.062250
0.283827
0.173811
2.054036
0.247454
3.724103
0.410823
0.201037
1.559213
1.075016
0.689545
0.810498
1.270119
0.259360
5.608631
3.680640
1.050753
0.222572
1.140148
0.074937
0.031132
0.297979
0.621055
2.027020
1.298903
1.357538
0.554244
0.424549
0.463686
4.394064
0.040936
2.017643
0.864352
0.577349
1.291922
0.666834
2.066906
2.309628
0.547699
0.324108
0.897347
2.434556
0.236561
0.975421
0.998478
1.320930
0.141066
1.258165
2.397253
0.198065
0.271210
3.554177
0.199643
1.926790
0.677821
0.283997
2.046006
0.589337
0.723230
0.445090
0.898821
0.178557
0.496071
3.487158
0.298586
1.069257
0.393324
1.484892
0.140267
3.500610
0.604751
0.269254
0.076338
0.186038
0.733498
0.410985
1.765410
0.563677
0.285969
0.960099
1.226823
0.182772
0.183465
0.037361
1.333330
1.090063
0.643654
1.858992
1.638198
0.880331
2.027011
0.230472
0.118693
0.314368
0.058781
0.757514
2.758381
0.040138
0.130234
0.601843
2.716209
0.380026
0.707723
0.042462
0.160572
4.314751
3.355804
0.004952
3.032641
1.019210
2.024335
0.606492
0.724836
0.671085
1.099205
0.150417
0.030432
0.368068
1.219698
0.225463
1.119118
3.503630
0.098606
1.116579
0.586538
2.026032
0.194981
1.179690
1.820871
2.893432
1.149636
0.687513
0.961935
2.031833
0.845389
0.030858
2.672906
1.169658
1.128598
0.242932
1.075537
0.500652
1.053351
0.112713
1.072492
7.441723
0.049413
3.779863
0.522406
2.046033
1.525030
0.837055
1.341127
2.107969
0.517750
0.396059
1.101396
1.649458
1.436683
1.598565
0.571962
1.702838
0.128071
0.786336
0.005775
0.392429
0.456435
0.504467
1.188977
0.491935
0.595465
0.271211
0.467210
0.257825
0.076013
0.924950
1.103261
0.966244
0.622678
0.477690
1.990213
0.732058
0.652354
0.025977
0.417408
0.478351
0.508866
0.867911
0.762717
0.936251
1.447673
1.676570
1.266285
3.112799
0.018401
0.217880
0.007592
1.042633
2.283082
0.279029
2.617769
0.062160
2.724729
0.433282
0.106940
0.665283
0.296759
0.335295
0.367144
1.624683
0.774707
0.372961
0.942465
1.259312
0.318312
0.533666
0.129979
0.199854
1.142934
0.200207
0.744784
1.234591
0.113031
0.837739
0.296471
3.294863
0.660768
1.639859
0.799011
0.044383
1.002806
3.024201
0.920328
1.710302
2.155947
0.258874
0.238314
0.944127
0.529377
1.831715
2.302816
0.436060
0.270328
1.516519
0.321316
1.729429
0.551193
1.101266
0.100412
0.977792
0.601056
0.883360
0.183940
1.335121
1.986294
0.244290
0.100610
0.023922
1.027143
0.934185
0.791195
0.263897
0.495783
0.902576
0.686702
4.405133
0.146692
1.187918
0.518050
0.558965
1.264423
1.179073
4.739387
0.137418
0.109937
1.288583
0.863667
0.320427
0.082751
0.089551
2.246119
0.213029
0.390633
0.257032
0.438499
0.071951
0.732012
0.070007
1.611222
0.266197
0.776555
2.120923
1.052332
0.761336
0.392056
0.404968
1.107109
5.139497
1.084234
0.815956
1.311746
0.625873
0.062027
0.826214
3.161203
0.192739
1.171199
0.224311
0.767499
0.101674
0.598512
1.411257
0.427054
1.093361
1.586943
2.619735
0.267412
0.509686
0.165365
4.890655
2.617309
0.776436
1.845371
0.735967
0.977065
0.093349
1.407601
0.136637
1.749089
1.523389
1.233555
0.036830
0.361154
0.305320
0.446500
0.091724
2.763951
0.806993
0.364598
0.505807
0.592764
0.917778
0.725008
2.518157
0.687093
4.848263
1.906665
0.233839
2.667799
0.123713
1.700730
0.479042
2.103524
2.025383
1.639513
1.560793
0.363382
0.084381
0.515805
0.190585
1.187283
0.424800
3.713590
1.024355
1.728675
0.142168
1.980607
2.560801
0.667600
0.932047
1.447361
0.192176
0.698293
0.508600
0.158262
0.458129
0.070607
0.026151
0.145218
3.299953
0.797463
3.376178
0.566511
0.373699
0.705507
0.578947
0.111675
1.023949
0.243395
0.966500
1.050397
0.164904
0.063312
1.517595
0.615817
0.059924
5.271932
0.059517
1.187559
4.115298
0.273359
0.153442
0.129408
0.361365
0.106523
1.178179
0.064316
0.712171
5.712880
1.681849
0.955082
0.365649
0.977889
0.748748
0.555271
0.140079
2.176871
0.597446
0.216444
0.458485
0.534657
1.757578
1.322810
1.466658
0.011093
0.538118
0.656515
0.019379
0.300853
1.428325
0.147468
0.766385
0.242329
0.012195
0.276019
3.724455
1.617153
3.208348
0.669146
0.116237
0.793983
0.605828
1.860191
0.103232
0.669902
0.162576
0.392563
1.336960
0.646298
0.471426
0.501662
0.615162
1.537194
2.226409
3.108558
1.546010
0.378931
1.165184
0.575547
0.293929
1.838044
0.039184
2.320362
0.618926
1.013908
1.076911
2.254917
1.012443
0.951746
0.068977
0.730658
0.162718
1.337252
0.717895
1.140146
0.042566
0.088604
1.259920
0.074814
0.073923
0.012182
3.135026
1.337536
0.435798
0.351738
0.430326
1.490116
1.082849
0.204807
0.191293
0.103579
1.079700
1.445504
0.307948
0.021167
0.085745
3.437655
0.350189
1.466304
0.979933
0.481169
0.230278
0.129410
0.954546
1.490029
1.032556
0.755666
0.042857
3.457412
1.603029
0.346473
3.910541
0.921006
0.873286
1.378617
1.670090
1.068506
0.137076
0.412894
2.632252
0.254396
0.465481
0.565769
0.578757
0.949174
2.866035
0.275349
0.129541
0.219987
2.179703
1.037924
0.336742
1.692531
1.975947
1.874148
2.512400
0.290675
1.406668
0.617186
1.845151
1.303759
1.498109
1.067584
0.195320
0.787517
4.177927
2.770799
0.044133
0.180102
0.141251
1.294554
1.702570
0.240177
0.704922
1.836985
1.319764
0.781404
0.892447
0.710010
0.353179
0.832460
1.167594
2.066114
1.011402
1.431800
0.174439
0.619075
0.009375
0.283264
1.296314
4.804835
0.104448
0.513319
1.609793
0.228201
0.809872
1.320774
0.957075
0.208285
0.439101
1.531513
0.807944
0.005243
1.431253
0.035950
1.369373
0.226249
3.171837
0.458772
0.395908
0.161212
0.364713
2.092736
5.608746
0.459356
0.595314
1.280389
2.173276
0.899051
0.496801
0.532086
1.189472
0.003223
0.966504
0.439270
1.580837
0.097603
0.887223
0.655799
1.028132
0.067052
0.867462
0.824360
0.822482
0.925048
1.128457
1.634699
0.314465
1.743252
0.689665
0.080189
0.060335
0.406824
1.536638
1.229909
1.554074
0.728296
0.580174
0.159526
0.397784
0.569195
0.092774
0.249246
0.911864
1.330531
6.405473
2.704756
1.028802
0.546881
1.011089
1.540153
0.125944
0.527472
1.831347
0.484237
0.848334
0.886172
0.203925
0.449786
0.407234
0.026546
0.024489
1.781990
0.318926
0.729975
0.354856
2.824796
0.300155
0.561517
2.061446
1.844740
0.205920
1.622743
0.612834
0.659652
0.143270
0.084036
1.301730
0.686094
0.574211
1.307514
1.450355
0.173054
0.942186
0.145435
1.391810
1.069894
3.137633
0.071451
0.058747
0.331546
0.303413
0.283662
2.367172
0.287077
0.317385
1.424612
0.597364
1.499286
0.067600
0.668593
0.034192
0.064702
2.369125
0.149946
0.760186
0.529491
0.426704
2.300920
0.022065
1.090018
3.307555
0.821363
2.761806
0.053673
0.542649
0.301318
1.312379
3.979076
0.296427
1.061821
0.220768
0.833169
0.623495
3.575741
0.937839
0.430024
0.121146
0.163987
0.255301
0.288972
1.901235
0.823763
0.741059
0.121907
1.967111
1.283068
0.070067
1.230437
0.784250
0.085259
0.613044
0.662999
0.181252
2.913197
1.896956
1.105704
0.620446
0.530630
1.052607
0.788407
0.064297
0.718470
1.641980
0.614779
0.053355
1.543080
0.224850
0.299243
0.179972
0.400799
1.413672
0.732691
0.229264
2.102342
2.116785
2.044680
0.272854
0.600093
4.199016
1.478464
0.027543
0.067428
0.623493
2.399319
0.773711
0.688782
0.111461
1.069384
1.726551
0.478713
1.494378
3.337565
0.227863
0.740930
0.338467
1.574333
0.861787
1.006715
1.599063
0.504132
2.466164
0.761488
0.171922
1.190396
1.576300
0.380912
1.946165
2.365986
0.324214
4.105697
0.151651
0.225666
0.203617
2.244219
1.062162
0.164998
0.580396
0.955286
0.087154
2.140605
1.627620
0.703615
3.415092
0.540874
4.142085
1.102379
1.006958
0.181468
2.136459
0.557725
0.177016
0.012688
0.820425
0.749505
1.270660
2.209624
0.082737
1.314891
0.207531
1.953176
1.709609
0.778256
1.238712
0.377388
0.637084
1.723934
0.614826
0.442853
0.681639
1.761711
0.408281
0.190872
1.244843
1.748575
0.106069
0.274271
0.153119
0.427621
0.598475
1.381611
1.053106
0.970031
0.434443
1.841670
0.637310
3.868242
1.005510
0.134978
1.127560
0.393197
1.159405
0.072185
0.192228
1.936119
0.257709
1.814257
0.327499
1.029689
1.184662
0.718782
0.364291
0.239075
0.033753
0.362329
1.058900
2.785549
2.049529
1.452711
1.553281
1.093580
0.301493
2.377255
1.110884
0.821982
0.117646
0.592498
0.616850
1.999253
0.791087
0.478682
3.763617
0.117344
0.549131
0.042933
1.346705
2.501970
0.328556
1.954337
0.345619
2.416540
1.402269
1.634278
0.018171
3.291725
1.297079
0.363485
1.768402
0.330619
2.061632
0.119437
1.216336
0.778048
0.101517
0.276932
0.012482
0.632556
0.358484
0.912193
0.352737
0.356559
1.359431
0.049340
2.331962
1.912328
1.102032
0.899487
2.228429
0.204972
0.082262
0.273793
1.582690
0.035286
0.874206
5.389888
1.935834
0.736986
0.065756
1.780069
0.913740
0.122092
0.098558
2.403808
1.106242
1.767770
2.111790
0.848100
0.728663
0.562869
0.381182
0.570215
1.486688
0.921111
2.230481
0.585873
0.934174
0.997792
0.895746
1.212791
0.271066
0.718186
0.110066
0.485339
0.668781
1.056197
3.006410
0.917920
1.360993
0.705758
1.005406
0.073574
0.293555
0.449187
0.639594
0.046723
0.150851
0.324089
3.558999
0.402490
0.657859
0.218278
0.943611
0.329453
0.231923
0.726854
0.005521
0.007694
0.247268
0.037413
0.114318
0.413791
1.622451
0.848746
0.718809
0.347416
2.684632
0.505863
0.091121
0.959894
0.120856
0.423461
0.708082
2.073241
0.680323
1.211531
4.936016
0.140975
0.321213
0.501826
0.547884
0.529365
2.381747
1.251878
0.936252
0.370155
1.736081
3.102438
1.721478
0.001566
1.011705
0.052489
0.297877
0.061370
0.925825
1.160243
0.121589
0.484247
0.609241
0.460533
0.128999
0.542915
1.391018
0.073655
0.083577
0.438150
2.842594
1.104347
1.135287
0.449292
0.900567
0.010183
1.010865
2.445151
0.948229
2.069084
1.287257
0.128468
2.327424
0.068754
0.763500
0.153311
0.011776
0.548241
0.349615
0.665533
0.860856
0.044724
0.131252
0.817900
0.420326
1.306277
1.056391
1.868237
1.179257
0.561998
1.117693
0.322110
0.365735
1.555827
0.591348
1.601372
1.728347
1.948851
2.484530
0.563849
0.383997
0.872749
0.463898
0.918980
1.222768
1.166051
0.469289
0.182554
0.563048
0.153844
2.208157
0.424461
0.167780
0.025777
1.037957
1.013083
0.416431
0.074413
0.527004
0.372830
1.130477
0.930844
0.453491
0.245763
4.425850
0.605139
1.165631
0.151466
0.664734
0.027923
0.704117
3.324720
0.484844
0.039777
0.031445
0.491001
0.174383
0.023629
1.411463
0.613455
0.341427
2.303417
0.123455
3.121723
0.376829
2.192867
0.923675
1.752774
4.135990
0.340247
3.247674
0.493447
0.486966
0.416102
0.779593
0.167407
0.806790
0.780242
1.435072
1.793661
0.580607
0.360014
0.300207
0.216446
0.059376
0.419231
0.315050
3.393747
0.815787
0.426602
0.868615
0.149889
0.587066
0.984126
0.671186
0.513795
5.091041
2.122890
0.976587
0.842523
0.969324
0.224785
0.502755
0.040259
0.645398
0.783126
0.258447
3.325038
2.401904
1.280650
0.762254
2.039984
0.140012
1.563078
0.133327
1.580902
0.322643
2.096308
2.883156
0.161103
0.621153
3.962652
0.660501
1.991779
0.888509
0.470532
0.336569
0.227181
1.434637
0.488641
0.715956
0.677915
0.861043
2.006765
3.949691
0.523547
1.757468
1.446162
0.852211
3.124638
0.223737
0.115707
1.923888
0.578301
1.877114
2.235770
0.064493
2.149562
0.594785
0.714233
0.985085
2.608874
0.019301
0.647875
1.163862
1.282680
1.179386
0.144373
0.355812
0.444282
1.631874
0.326783
0.236615
3.157029
0.008903
6.128823
1.129550
1.762993
0.349018
0.014419
1.338913
1.796639
1.348907
0.154143
1.400101
1.465003
1.074526
1.452930
1.870293
0.950893
0.092779
0.668704
0.080830
0.523477
0.522740
0.068289
0.428970
0.117656
1.651486
2.950530
0.075065
3.103656
0.739352
0.356055
0.079977
0.694396
1.582385
1.227878
0.051531
0.075696
0.515626
0.349970
0.264466
0.329900
1.627005
2.648293
0.519366
2.365642
0.387864
0.647098
0.256221
1.022974
3.862334
0.925062
0.442877
1.043606
0.131158
2.195158
0.699334
0.596655
0.881563
0.980253
0.074482
1.147647
0.276982
1.251598
1.728981
1.629429
0.804081
0.734323
0.154173
1.493195
0.316643
0.686560
0.334458
0.143672
0.993058
0.055864
1.380890
0.382120
0.000135
0.715657
0.047985
0.323198
1.227502
0.064741
1.828456
0.003827
0.283456
1.350557
0.380192
0.107465
0.446653
0.315250
1.849676
0.375928
1.555577
2.224441
0.568839
2.407314
0.473719
3.326417
0.093530
1.161614
0.680851
0.490449
1.001609
1.216913
0.004373
0.182665
1.248434
1.097769
3.382793
1.431450
3.011307
1.212477
0.353896
0.111339
1.522453
1.033244
0.049386
0.446366
3.141911
0.693950
0.566918
0.611935
0.234309
0.459985
0.461739
0.053775
1.459156
0.538718
1.726983
1.899443
0.238250
1.071056
0.639193
2.121571
0.243016
1.132624
0.935861
0.349985
0.146878
1.054518
1.341694
0.379253
1.035166
0.502743
1.248994
0.222163
2.209231
0.338848
0.458527
0.059848
0.118234
0.725385
0.311418
1.804725
0.014802
0.476576
0.411502
0.019517
0.132810
0.533826
0.678977
0.518001
0.757020
0.904193
0.009973
0.623799
3.310422
0.731955
1.131783
0.373769
1.487182
1.482459
0.736673
3.730278
0.134160
0.017093
1.470364
1.645871
0.128069
0.308678
0.017708
0.347161
1.483430
0.729729
0.427857
0.464800
0.001355
0.356390
1.039755
3.657165
1.877715
0.023878
2.288294
1.528773
1.515839
0.612481
0.507507
0.360849
0.067952
0.259076
0.283164
0.661798
1.376124
0.642093
0.059585
3.165093
2.859879
1.537999
4.747644
0.786321
3.290596
0.078616
0.455203
0.255384
0.217948
0.151757
0.973956
1.520154
0.863457
0.158952
1.666663
1.010477
0.491294
1.121258
0.300977
0.423414
2.494785
0.343201
0.634856
2.208559
1.230048
0.064222
0.159351
0.007872
0.996747
0.593616
0.144188
3.168518
0.754299
0.276931
0.694355
1.138249
0.079302
0.321175
1.644886
0.615566
0.790930
0.567072
0.044893
0.181222
0.589764
0.234692
0.051271
1.855656
3.973501
1.575727
1.922677
0.277042
3.234674
0.219308
3.024745
5.262814
1.243833
3.970910
0.842900
0.300486
0.574468
0.900321
0.075890
0.973770
3.972720
0.210854
1.573082
2.384867
2.877089
3.222272
0.737015
3.785739
1.415971
0.176345
0.647983
1.267023
0.284142
1.023362
1.098414
0.177573
0.832605
1.476775
0.690941
0.012177
0.009080
0.441656
2.606316
0.259648
1.006116
0.251126
0.388121
1.884152
1.305125
0.100262
0.559844
0.029604
0.655640
1.085994
0.126133
0.340921
0.507226
2.519884
4.998956
0.045951
1.431325
0.464776
0.498334
1.403501
2.506250
3.014479
0.860673
0.441799
1.549044
0.289018
0.830283
0.444068
1.068950
0.274962
0.212690
2.503956
0.107367
0.705135
0.249555
0.039708
0.036684
0.192641
2.015681
0.331953
3.004958
0.871371
0.573791
0.867712
0.727114
1.422030
0.331977
0.435487
2.245206
2.927261
2.230806
0.543776
1.515790
0.646905
0.688239
0.229011
0.894359
0.205962
0.402816
1.931230
0.232028
0.073817
0.071504
2.826572
0.707085
0.526637
1.665366
1.806828
0.403753
1.182923
1.474570
1.063199
0.164397
2.086531
0.774562
0.331944
0.553782
0.038295
0.136813
1.450499
0.000012
0.538824
0.739212
0.056184
3.614818
0.256345
0.362691
0.362323
0.261906
0.001475
1.306910
3.406577
0.253981
1.087812
1.354394
1.886677
0.549271
0.360871
0.393480
1.246955
1.697065
0.200421
0.463530
2.322178
1.643478
4.190310
1.403433
0.499548
0.893155
1.081797
0.081705
0.786353
1.235535
0.183107
1.517003
0.876524
3.041186
0.043348
0.308329
0.920183
0.351773
1.253248
1.422980
0.108160
0.721247
0.711088
0.460894
2.701942
1.757395
1.194714
1.252906
0.619369
2.538238
1.186118
1.305567
1.978264
0.320304
1.645433
0.217212
0.423642
0.408887
3.840888
1.941680
1.207880
1.298491
0.825703
2.939176
0.685693
0.478871
0.177973
1.542741
1.325929
0.485085
0.025516
1.826334
0.011484
1.216382
3.515165
0.575651
0.267845
1.220343
1.698970
0.790606
3.412317
0.053051
0.702785
1.267459
1.985153
0.197544
1.609455
0.804542
0.505098
0.141235
2.004674
0.171112
0.370756
0.342554
2.051158
1.116887
1.592981
0.288306
0.980494
0.848039
1.788746
2.365387
0.012231
1.120919
0.053228
0.795975
0.339162
0.366403
0.435345
0.970991
0.406541
1.319380
0.518400
0.070802
1.531366
0.336534
0.566985
1.156593
0.404150
0.058250
0.468279
2.890446
1.026481
1.113155
1.000439
0.221885
0.541859
1.390061
0.106887
0.325526
0.323405
0.565667
3.930632
0.069889
0.731267
0.197676
3.529368
0.120253
0.516845
1.338972
1.219271
0.549443
0.425450
0.506854
0.306901
0.229832
0.659789
0.312704
0.338922
1.069314
3.458954
0.925425
0.080104
0.078593
3.024610
0.352812
0.096585
0.913905
0.977232
1.045559
0.311158
0.015226
3.352846
0.288874
1.127093
1.226320
0.941628
0.375286
0.316214
0.910478
2.010629
2.932452
0.111944
0.168216
2.895638
1.333836
2.145529
0.226440
0.885727
1.207779
1.139784
0.524505
0.015515
0.874492
0.291826
0.598299
3.160159
0.509219
1.831342
0.208921
1.116147
3.772563
0.107466
0.008355
0.568424
0.097200
1.379853
2.459808
0.569198
0.299366
0.569874
1.285356
0.009095
0.890267
0.950085
1.015250
0.277101
1.251948
0.095841
0.222232
2.099400
1.342175
0.013841
0.285519
0.241316
0.315816
0.284434
0.064567
0.614226
1.319509
0.933263
1.117403
0.084631
3.026000
1.823200
1.635219
1.731514
2.698751
0.785820
0.223496
0.959155
1.358218
1.339096
0.736993
0.070915
0.463804
2.535357
0.878150
0.772909
0.313141
0.459576
2.257096
1.098002
1.548282
0.605769
0.994921
0.285529
1.222343
0.557920
0.584374
1.047888
2.753267
0.066147
1.741503
0.345852
0.586842
0.022157
0.358170
0.698424
0.057816
0.675495
2.618812
0.111371
1.445793
0.527075
1.064715
0.301425
0.173749
0.174904
0.073100
0.205361
1.091297
2.134452
1.682685
1.155609
0.117019
0.341347
0.370784
0.287625
0.723618
0.766910
0.441433
0.436629
1.763496
1.557286
0.367874
2.450951
3.053680
0.395627
0.437614
0.704479
2.832268
2.090053
0.108218
0.498783
0.806027
0.699432
0.215502
1.957697
1.129920
1.819594
1.957325
1.379739
0.578410
0.943011
0.174788
1.119771
0.197541
1.184005
0.260843
0.125055
0.180664
0.001994
1.268474
1.318266
0.723469
0.175977
0.087253
0.019314
0.181220
2.215083
0.276461
0.437376
0.111318
0.251493
0.732355
0.935863
0.281504
0.059466
0.495991
0.266839
0.247890
3.215452
0.957896
0.813911
0.537469
0.560269
0.778498
1.192142
1.211152
0.188373
0.693373
0.530957
2.044283
0.998095
0.760365
0.122614
0.930486
0.124661
0.411292
0.154133
1.177895
0.230989
0.497349
2.260242
0.228554
0.708880
0.543472
0.018290
1.573869
0.071545
0.642939
0.822523
0.990008
1.166779
0.292055
0.010029
1.285341
0.767131
1.808607
1.722541
1.853589
0.663772
0.405908
1.568095
0.600193
0.202658
1.930842
2.141827
0.627940
0.078718
0.490739
1.627285
2.320485
0.227494
0.069322
2.098424
0.493321
0.780364
3.444078
0.068884
1.045028
0.076995
0.470754
1.628695
0.568229
5.871853
0.818845
0.387373
0.248604
0.431584
0.466065
0.071189
0.461360
0.624066
1.282791
1.069236
1.233627
0.008399
0.245475
1.083776
0.661628
0.005328
1.632167
1.481967
0.795001
0.068775
1.454638
0.876382
1.523077
1.393307
1.624562
0.729828
0.151200
1.112176
0.968832
1.355778
0.186186
0.216882
2.211005
1.386206
2.388453
1.421778
0.909204
1.061700
2.199378
0.864664
1.000736
0.170168
0.642304
1.260180
0.316003
0.225965
0.376625
0.276413
0.241960
0.553126
2.384213
0.707367
0.208157
0.080095
1.191241
0.482560
1.725022
1.077372
1.590820
0.317380
1.178822
0.306609
2.798005
1.011630
0.392320
0.314042
0.211866
1.186267
0.246816
0.904617
0.307388
1.084618
1.687074
1.505192
1.430670
0.207913
0.092537
1.200475
0.459415
0.566244
0.031645
0.300533
0.034257
2.113501
0.278916
0.814947
0.039759
1.099155
0.390124
2.281990
2.190312
0.393473
2.312241
5.561677
1.745347
1.863500
0.286361
0.859680
0.069624
0.099730
6.805751
0.395474
1.379056
1.643331
1.952092
6.044147
0.276408
0.041188
0.529654
0.139355
0.022681
0.446954
1.531266
0.835127
0.375098
1.062305
0.263989
0.014486
1.445422
0.977483
1.436757
0.039716
1.814739
0.966338
0.828727
0.979801
1.998291
0.884154
0.869766
4.675502
1.413584
0.583923
1.228939
0.493036
0.259905
0.908451
2.633622
2.647042
0.418406
0.750093
0.237795
5.433246
3.969541
1.048420
1.631755
1.255618
0.899331
0.054824
0.606537
1.123273
1.131750
0.467004
2.842016
0.183150
0.693866
1.174039
1.194471
1.045941
0.321981
0.169848
1.010437
0.914548
0.197666
1.221252
0.607285
1.101899
1.816260
0.186002
0.019331
1.510057
0.940833
1.202772
1.821116
1.623592
3.242148
0.767731
0.670399
0.513976
0.166871
0.850052
0.324363
2.542208
0.875127
0.898549
0.438388
0.053390
0.032259
0.550494
0.088356
0.933556
2.128405
2.144854
1.076006
0.237283
1.987751
2.172377
0.218969
1.337223
0.337600
1.622727
5.891764
0.030486
2.276585
0.974531
3.626191
0.625506
1.879856
0.064426
0.408388
0.069368
3.702700
1.698127
1.914249
2.780060
0.088944
0.487105
0.073684
0.236727
0.260541
0.633195
0.312743
0.106448
0.183311
0.159319
3.614767
1.424173
3.434593
0.579355
0.326241
1.600940
0.394902
0.355794
0.264625
0.138893
0.296337
0.439001
1.120840
0.064608
0.236364
1.655606
0.158904
0.419531
1.999957
0.168330
0.086361
0.662692
0.360137
0.828757
1.628646
0.147513
0.869166
0.704226
0.155577
0.978162
0.319710
0.669107
0.085855
0.615416
0.365951
1.728116
0.058666
0.542329
0.613286
1.291006
0.853991
1.100251
1.500805
1.981974
0.376696
0.772240
1.833257
4.551737
2.202915
0.464367
0.217120
0.672154
1.353407
0.678395
0.660062
1.821582
0.448483
1.964647
0.522232
0.397844
0.605118
1.437364
0.134677
0.218678
3.025055
0.192968
0.838699
0.865870
0.672608
1.034920
0.261140
0.804441
0.465491
1.083725
0.152247
0.846013
0.204899
0.326621
0.246809
0.201918
1.747040
0.336463
2.618993
3.504112
0.846906
0.154319
0.469281
1.598163
0.457902
0.091038
0.813700
1.865110
1.589275
0.192521
1.117076
0.249108
0.246166
2.072043
0.287241
0.305503
0.000654
2.045381
1.573081
0.987059
1.387358
0.164932
0.613086
0.432661
0.098469
0.665786
2.535017
0.040884
0.344550
0.232614
0.272001
2.390701
0.631242
0.627920
1.429518
0.167818
0.667997
0.562093
0.908597
7.723530
1.467283
0.507275
1.757666
0.187183
0.030937
0.228720
0.416139
0.714536
0.954847
2.414699
0.713052
0.695702
0.051549
0.035536
0.801089
0.576571
1.827472
0.175163
0.025289
0.596091
0.271125
0.050887
1.289524
0.118325
0.937309
0.329963
0.190551
0.477635
1.616693
0.497734
1.389378
0.134087
1.481799
0.270410
1.131321
0.834208
2.647116
0.489917
0.068456
0.019341
1.753646
0.743884
1.492740
0.267129
0.423248
0.030566
3.256898
1.102223
2.706128
0.308560
0.945368
1.134758
0.382066
1.884594
2.940514
2.161564
1.343492
0.324989
0.330751
3.306623
0.010338
1.258957
1.225013
0.974687
4.616114
0.373791
0.415473
0.082229
0.584828
0.302523
0.420660
1.799218
2.740850
0.205467
0.466026
2.639886
0.063801
0.096908
0.177682
0.904394
0.163075
3.444409
0.591881
0.696188
0.283237
0.636692
1.084454
1.391014
1.401888
0.862492
2.347162
1.700500
1.414892
0.057211
0.006902
0.238825
1.089227
0.529664
0.514844
2.159237
2.259170
2.398824
0.376700
1.174595
0.316950
0.211474
0.204116
0.418714
0.562045
1.777556
0.127710
1.327746
0.758123
0.339601
0.678888
0.356592
0.906543
0.568885
0.179612
0.123958
0.791192
2.327011
0.421530
1.320507
1.074880
2.681724
1.720263
0.836106
1.070114
2.286579
0.510024
0.395705
0.010870
1.751872
1.614353
0.110322
0.860046
0.623587
0.126368
3.940846
0.241684
0.069601
0.903491
1.342724
0.032981
1.075045
0.759911
0.108995
0.189375
0.839270
0.351485
2.785726
1.707824
4.108476
0.300660
3.497388
0.564286
0.426973
0.051661
0.054208
1.177692
0.612358
0.256858
0.951841
0.291500
0.861878
0.445052
1.734730
1.718673
0.648844
0.432044
0.450295
1.638427
0.397764
0.234532
0.088491
0.628658
0.658035
1.838277
0.250051
0.479636
1.652375
1.735135
0.485501
0.614565
0.361380
2.696441
0.126293
2.714311
1.151591
0.758373
0.033204
0.645493
0.523823
0.175805
1.068305
3.545677
0.825968
1.254401
0.070906
0.540713
0.123704
0.948803
2.788428
1.084052
0.079913
0.437988
0.799983
0.516186
1.793625
1.685623
0.946315
0.467539
0.294823
0.111909
0.438346
0.533024
1.126465
1.073412
0.072687
0.502956
0.200623
0.170566
1.756212
0.042819
0.543319
0.184168
2.114698
0.814277
0.263159
0.698014
1.314854
3.172899
0.249033
2.173153
2.722719
2.481958
1.008994
0.993768
0.516191
1.395932
0.757780
1.131460
0.559417
1.314891
1.739954
0.158335
1.789341
0.777174
1.862177
0.564405
0.476489
2.465819
0.289242
1.859261
0.661688
0.721743
0.368846
0.851070
0.393356
0.040061
0.317452
0.006399
3.832971
3.373987
0.502784
1.303318
0.424351
1.111981
1.636964
2.932875
0.511179
1.529232
0.309149
4.638965
0.026107
0.925152
1.077358
1.164898
0.128274
2.789203
0.199895
0.974856
0.251898
0.367038
0.790669
0.539900
0.174622
0.187458
0.541534
1.415859
2.282436
0.087878
0.499398
0.105633
0.016732
1.083877
0.922433
0.177954
0.266329
0.023993
1.801490
3.676579
0.145557
0.263282
2.028061
2.609977
0.544085
0.051949
0.040189
0.853198
0.499054
0.029071
0.875274
0.011367
1.548211
0.365907
0.041091
0.887587
0.506974
3.642012
0.785698
0.321914
1.235941
0.316757
2.345945
0.469559
0.798216
0.051897
0.555337
1.785958
1.638088
0.254013
0.256286
1.699939
2.664968
0.100219
0.597944
0.411666
2.045531
0.087220
0.237149
1.396217
0.052656
0.678328
0.583588
0.407068
0.501820
0.754896
0.175983
0.848622
1.636975
1.427787
0.167118
0.161636
0.312213
0.447968
0.525019
1.138489
0.058350
0.035288
0.497433
1.194563
0.214971
1.025839
0.300873
2.172312
2.260388
0.352807
0.261357
0.529845
0.275137
1.115913
1.749072
1.118077
1.739264
0.505825
0.169978
1.339224
0.447029
1.112521
0.315593
0.084719
4.903818
0.169842
4.458562
3.784507
1.578997
1.077114
0.862293
2.010674
0.341701
0.630513
0.965980
0.529653
0.557719
0.400903
0.830645
1.900958
0.225056
2.724683
1.168244
1.733150
0.812360
1.511933
0.016333
1.705841
0.040967
2.206488
4.823668
0.348236
0.236126
1.449717
0.291725
2.006655
0.108524
0.134624
3.870476
1.120364
1.876581
0.392050
1.128506
0.901998
0.924197
1.147380
0.856512
0.560475
0.322857
1.463527
0.256535
1.178807
0.265702
0.981710
1.374675
0.246814
0.061815
0.140382
0.931397
1.893436
0.046041
1.324828
0.417515
0.651100
2.643099
0.403424
0.626119
0.013777
0.085121
0.299204
0.028247
0.997976
0.555820
0.794394
0.191944
0.350880
1.090122
3.361094
0.051732
2.210775
0.860102
0.829929
0.693704
0.071919
0.094175
0.918573
0.416969
2.492150
0.521871
0.154646
1.254280
0.347225
0.745431
1.196775
2.305230
1.571137
1.128127
1.138289
2.917377
0.350727
0.001113
0.317392
0.245762
1.084220
1.004334
0.900076
0.016377
1.304818
0.390868
1.093792
0.813234
0.419662
0.144536
0.099178
1.780928
2.505896
1.049217
0.109183
0.514210
1.305412
1.513314
0.125811
0.000031
1.245271
0.440983
0.293675
0.012981
0.777180
1.904821
3.161354
0.834123
0.722496
0.088893
0.796006
0.478002
0.934290
0.492211
0.274831
0.099782
0.378217
0.101639
0.194674
4.369004
0.587173
0.759013
2.068450
5.419108
0.873985
1.673837
0.395922
0.364914
0.515342
1.116289
1.146307
0.378686
0.142958
1.000750
0.137340
0.863918
1.182283
1.206013
1.400280
2.062462
0.693065
1.310257
0.965409
0.206581
0.026025
0.334832
0.585251
0.959997
1.896849
0.218462
0.134160
3.309894
0.114339
0.651029
0.880836
0.779521
0.089960
0.058718
0.111472
0.880894
0.786019
0.266235
1.015487
1.715174
0.042468
0.689414
1.168961
0.290769
0.367838
0.950980
2.282148
1.660333
0.874981
1.310155
0.453851
1.024337
0.627700
0.210642
1.209784
0.812978
0.444136
2.422937
0.021156
0.379466
0.058563
1.454690
1.211022
0.402498
1.125972
0.504077
1.411628
0.605473
0.531504
2.729221
0.288855
0.128342
0.878376
3.484203
0.474557
0.064045
0.414463
0.705081
0.176645
1.073243
6.096554
0.601005
0.438084
0.512000
0.122333
2.147923
0.535845
0.489838
1.077899
0.583456
1.044788
0.063415
1.680522
2.821845
1.046301
3.091493
0.164205
0.648970
0.920818
0.871644
0.513265
0.412617
0.135618
0.497157
0.177526
1.325635
0.234244
0.060350
0.803780
0.904436
2.055046
0.860340
0.423854
1.624612
0.777135
0.082600
0.834366
2.386168
0.504699
0.351440
0.154865
0.164221
0.566993
0.905548
0.084051
2.806246
1.407043
0.883397
1.762814
0.083585
0.647866
0.994504
1.764064
1.530024
0.324442
2.828189
0.132784
2.080511
3.538401
0.194986
1.280372
0.041119
0.519905
0.726256
0.869038
2.747892
